3 0 1 0 0 0 0 0 0 0 0 2 0 1 0 0 0 0 2 1 1
7 97 7 2 3 3 1 1 0 0 1 97 17 4 4 0 3 41 22 23 1
10 96 6 2 1 4 2 0 4 0 0 96 10 3 4 1 1 38 19 21 1
0 1 0 1 0 1 0 0 0 0 0 0 0 0 0 0 0 2 2 0 1
7 97 7 0 2 3 2 0 4 1 1 96 11 1 4 1 2 45 41 27 1
7 97 5 1 0 4 1 1 1 0 1 98 8 3 4 1 0 44 25 24 1
10 97 6 1 2 3 1 0 4 0 0 98 14 2 4 1 0 39 21 23 1
0 1 1 1 2 0 0 0 1 1 0 0 3 2 2 0 2 7 2 7 1
18 18 14 28 6 11 1 7 11 11 11 10 13 20 9 5 17 9 12 13 1
6 98 7 1 2 3 2 0 1 2 0 99 10 3 4 0 0 41 25 31 1
8 96 8 1 2 4 3 1 2 0 2 97 15 3 5 1 1 49 36 28 1
22 0 15 0 0 0 0 1 0 0 0 59 0 4 2 0 0 16 44 2 1
501 0 7 1 0 0 11432 10210 9887 0 158 0 0 0 0 0 1 0 0 1 1
4 0 1 2 0 0 0 0 0 1 1 1 2 0 0 0 0 1 0 0 1
1 1 3 0 2 0 0 1 0 0 0 2 3 1 0 1 2 1 2 0 1
0 0 0 0 0 0 0 1 0 1 0 2 3 1 2 1 1 1 0 2 1
1 1 3 0 0 0 0 0 0 2 0 3 1 2 1 0 3 2 1 0 1
0 2 2 1 1 0 0 1 0 1 1 2 1 1 1 2 1 2 0 1 1
23 24 2 8 3 7 4 2 5 2 6 6 13 4 6 5 4 1 12 7 1
0 0 1 1 2 0 0 0 0 0 1 2 2 1 0 2 1 1 1 1 1
0 0 1 1 2 0 0 0 0 0 1 2 3 1 0 1 1 0 2 0 1
9 5 8 8 4 8 5 10 6 8 9 6 6 10 5 7 3 2 12 2 1
2 24 1 0 1 0 0 1 1 1 2 10 1 2 0 1 1 1 15 3 1
9 4 4 3 4 0 3 6 6 2 9 5 6 2 2 2 3 4 7 6 1
0 0 2 0 0 0 0 1 0 1 0 2 3 1 4 1 1 1 0 2 1
4 5 6 4 5 5 4 5 6 2 5 1 2 3 4 3 0 5 6 3 1
2 1 4 2 5 0 2 3 1 0 4 7 5 3 0 4 1 1 4 3 1
9 6 6 7 4 2 5 7 4 0 4 8 3 0 4 6 5 8 1 5 1
63 9 1 1 0 5 5 0 7 0 0 542 8 7 1 0 0 21 722 23 1
36 22 15 25 14 8 12 30 36 16 18 57 20 20 7 21 19 12 19 30 1
97 9 1 1 0 9 6 0 8 0 0 719 14 9 1 0 0 37 1059 36 1
4 7 3 0 8 5 4 6 3 7 6 3 4 2 8 4 3 3 4 7 1
12 7 5 14 8 12 10 11 9 8 6 15 13 16 3 10 11 10 12 10 1
0 0 0 0 0 0 0 0 1 0 0 13 1 3 0 0 0 3 3 0 1
0 0 0 0 0 0 0 0 0 0 0 0 0 0 0 0 0 0 2 0 1
1 0 0 0 1 1 0 1 0 0 0 0 0 1 0 1 0 0 0 2 1
0 1 0 0 0 0 2 1 4 0 0 0 1 0 0 0 0 1 2 0 1
7 6 10 10 11 24 11 9 7 6 7 16 11 11 5 6 8 26 13 6 1
72 1 3 0 1 1 6 4 6 0 3 445 14 31 0 0 0 36 1221 32 1
14 7 4 6 2 4 5 6 5 5 5 15 4 5 2 1 4 10 12 28 1
7 0 1 0 0 1 0 1 0 0 0 1 0 1 0 1 1 2 4 0 1
19 0 1 0 0 0 1 1 2 0 2 236 0 25 0 0 0 20 480 11 1
64 1 0 0 0 3 0 1 3 0 3 318 3 35 0 0 0 34 874 13 1
6 2 3 4 2 7 7 4 6 8 7 5 3 4 2 8 5 8 5 5 1
11 1 7 2 5 1 2 3 0 2 3 24 4 0 4 2 2 15 31 5 1
88 1 2 1 3 7 2 4 13 3 6 651 28 26 0 4 1 33 1173 27 1
12 10 9 9 8 6 6 7 6 6 4 13 5 13 6 4 8 6 5 10 1
8 2 2 3 4 2 4 0 5 1 1 2 0 3 0 1 0 6 5 1 1
1 3 6 4 3 1 2 4 3 0 3 3 2 4 3 0 2 1 5 2 1
21 0 0 0 0 0 0 0 0 0 1 0 0 0 0 0 0 0 0 24 1
3 2 3 4 3 1 3 3 6 1 5 1 5 3 4 2 1 10 15 1 1
2 1 0 3 0 2 2 0 0 1 0 0 5 0 2 2 0 0 3 0 1
3 5 2 10 0 3 5 2 6 3 4 5 12 6 3 5 6 5 4 8 1
7 4 4 15 2 6 6 3 5 3 4 9 9 6 4 5 7 6 8 12 1
0 2 3 0 0 0 0 2 0 0 1 0 0 1 1 0 3 8 1 0 1
25 13 17 4 2 7 4 7 7 5 5 34 11 4 9 3 6 10 65 6 1
60 0 0 0 0 0 0 0 2 0 2 44 2 1 0 0 0 10 146 7 1
11 2 13 1 11 3 1 1 1 1 1 4 0 6 2 0 0 6 3 0 1
17 23 1 0 3 1 0 0 3 0 3 454 2 20 0 0 0 40 729 26 1
13 0 5 1 0 0 3 5 5 0 0 38 0 2 48 0 0 11 18 2 1
13 0 5 0 0 0 0 0 0 0 0 38 2 2 48 0 0 9 18 1 1
36 3 14 2 7 22 5 0 6 0 4 900 5 47 0 2 0 46 1556 58 1
6 12 15 16 9 1 3 5 3 2 10 8 2 5 2 11 1 1 3 3 1
73 3 10 0 4 1 2 1 6 0 4 817 4 47 1 1 0 53 1523 50 1
15 9 56 4 10 19 8 5 11 9 5 6 7 7 5 1 2 21 67 16 1
6 13 8 10 10 7 14 14 14 4 6 15 12 11 12 10 13 14 9 12 1
52 11 5 8 4 0 1 2 9 0 3 738 3 45 1 2 1 34 1300 45 1
3 1 1 2 1 4 3 4 5 0 3 3 2 2 3 0 3 0 3 4 1
5 8 5 7 9 9 8 10 10 8 4 6 4 8 8 6 3 4 3 6 1
88 4 7 0 4 3 1 0 10 0 4 815 3 46 0 1 1 45 1506 47 1
5 11 4 4 6 6 4 4 6 4 3 12 7 5 4 3 2 7 8 7 1
3 4 8 9 5 5 4 2 8 6 9 5 6 10 7 6 6 6 4 7 1
3 10 6 4 8 6 1 4 4 1 1 2 4 1 2 4 7 2 5 3 1
1 12 9 6 5 4 5 6 6 3 8 11 8 6 6 9 5 4 3 9 1
2 7 1 3 2 1 1 6 1 4 1 10 101 3 3 4 3 81 106 88 1
6 15 14 14 9 3 3 8 8 0 9 9 4 4 6 15 4 4 3 8 1
65 10 5 3 3 1 2 1 13 0 1 697 7 11 1 1 0 22 1136 32 1
4 11 7 6 5 2 1 3 3 5 4 7 4 1 5 4 8 4 9 3 1
12 11 8 14 12 7 8 10 12 9 6 20 11 14 6 11 12 9 8 9 1
7 9 16 4 6 9 7 5 6 3 8 13 1 4 5 4 4 7 4 7 1
11 7 9 9 9 9 12 8 7 4 13 15 12 14 11 14 10 8 10 14 1
8 9 13 8 10 5 16 7 12 8 15 18 10 18 7 8 18 11 7 9 1
12 8 23 8 8 14 10 6 9 12 10 12 8 14 13 8 12 10 12 8 1
17 16 10 10 8 23 13 7 13 5 9 16 12 13 16 7 8 17 35 7 1
88 11 14 0 6 1 0 0 11 0 3 829 3 40 0 0 0 46 1448 46 1
25 15 17 11 14 22 21 15 17 12 18 21 17 17 18 15 16 23 26 19 1
19 8 13 7 8 12 16 14 9 13 15 13 6 13 12 8 14 20 15 14 1
14 9 11 9 16 13 14 10 11 2 10 13 13 16 11 11 16 7 7 13 1
5 12 4 7 10 7 5 3 8 8 6 12 9 9 7 8 9 9 2 7 1
8 6 7 12 14 12 13 11 15 13 6 26 20 23 7 7 11 13 20 12 1
12 6 18820 4 14 19 4 12 9 16 14 9 12 13 13 15 11 7 16 11 1
40 3 9 2 9 0 5 1 13 0 4 898 3 47 0 1 0 46 1552 53 1
24 3 8 2 7 1 4 0 4 0 4 898 3 75 0 1 0 46 1559 61 1
8 36 4 9 10 6 1 5 3 6 4 2 9 7 13 8 6 11 14 7 1
2 7 10 4 4 6 5 3 1 8 8 7 10 11 11 3 8 8 3 11 1
14 10 10 14 12 9 9 8 9 10 14 15 11 19 10 16 10 10 12 7 1
14 0 0 0 0 0 1 0 0 0 0 1 0 0 0 0 0 7 14 1 1
14 0 0 0 0 0 1 0 0 0 0 1 0 0 0 0 0 7 14 1 1
5 7 6 7 4 9 3 7 4 5 3 2 3 5 10 6 3 8 5 4 1
5 7 12 4 5 5 7 2 3 6 4 6 4 5 5 5 5 4 3 7 1
11 11 5 15 15 9 8 12 8 6 9 17 10 12 8 13 11 5 8 8 1
1 0 0 0 0 1 0 0 0 1 0 2 0 0 1 0 1 1 0 1 1
13 14 7 3 2 6 5 5 5 9 8 21 8 8 4 3 5 9 18 13 1
10 8 7 17 10 11 18 6 10 7 8 20 5 10 7 8 16 12 6 9 1
14 6 11 9 10 8 14 9 12 9 16 12 11 13 11 7 7 10 9 9 1
34 3 9 2 9 0 5 1 13 0 4 897 3 47 0 1 0 46 1552 53 1
13 9 7 15 9 5 10 13 5 11 11 12 7 9 11 8 8 9 8 8 1
12 8 9 15 13 7 12 9 10 4 5 16 9 15 8 6 13 14 7 5 1
3 8 11 6 7 7 7 4 11 2 7 11 7 9 5 4 1 6 9 10 1
38 11 29 0 6 1 0 0 1 1 6 863 3 44 0 0 0 35 1450 40 1
13 4 8 3 2 5 2 6 4 2 2 5 1 2 3 2 2 3 7 5 1
0 0 0 0 0 0 0 1 1 1 0 0 0 1 0 0 1 1 0 0 1
9 2 11 7 10 4 8 4 6 2 10 11 14 10 9 12 9 9 5 6 1
9 7 11 11 12 7 10 9 11 16 5 18 7 13 10 4 13 6 13 9 1
2 16 12 24 8 6 3 11 13 1 9 9 4 5 5 7 3 4 3 10 1
9 4 14 19 6 8 7 14 13 6 7 13 10 7 6 14 10 8 9 11 1
2 2 3 1 13293 2 1 1 1 9 1 5 1 4 0 2 3 4 3 3 1
10 21 10 11 7 8 9 10 9 10 9 19 13 13 5 3 6 14 8 12 1
72 0 84 0 3 137 3 4 15 0 1 0 9 0 13 4 10 1 5 4 1
15 5 7 11 9 11 10 4 12 9 8 15 3 8 6 6 3 7 5 9 1
10 17 9 10 6 6 8 8 5 8 5 14 16 12 15 10 7 21 7 11 1
7 7 7 8 7 4 5 6 12 5 9 10 4 11 4 11 5 6 5 6 1
73 9 18 3 8 54 7 3 6 6 15 926 13 45 16 5 4 45 1503 43 1
5 4 4 7 5 6 6 3 7 5 13 17 7 7 2 9 8 7 11 9 1
0 0 0 0 0 0 1 1 0 0 1 0 0 0 0 0 1 0 2 0 1
11 6 14 5 6 9 2 3 4 9 9 4 8 1 1 6 4 6 5 2 1
2 1 5 0 6 4 2 1 1 4 3 3 1 3 2 5 1 3 1 0 1
8 10 5 9 8 11 12 7 12 10 9 10 16 7 10 7 9 15 7 9 1
27 2 7 3 4 4 2 7 1 3 6 33 1 5 2 0 3 23 62 2 1
2 0 7 3 2 4 4 5 5 6 7 4 4 3 2 4 3 4 1 6 1
1 2 0 0 0 1 1 0 0 4 2 4 2 3 3 1 0 2 2 0 1
3 0 0 0 0 0 1 0 0 0 0 0 0 0 0 0 0 0 2 0 1
12 26 0 0 1 0 3 0 0 0 0 18 2 1 3 1 1 20 55 2 1
46 54 25 4 18 29 9 42 12 4 43 23 15 14 63 40 5 31 33 2 1
24 1 9 3 0 0 0 8 6 0 0 0 40 0 9 0 0 1 0 310 1
5 8 0 2 1 0 0 6 2 0 1 24 0 3 0 0 0 9 198 9 1
21 0 1 0 1 0 0 4 11 1 3 524 2 30 0 0 0 38 731 24 1
8 3789 0 0 0 0 0 0 0 0 1 1 2 0 0 0 0 5 15 2 1
0 0 0 0 0 0 0 0 0 0 0 0 0 1 1 0 0 1 0 0 1
12 0 0 0 0 0 0 0 0 0 0 0 0 0 0 0 0 6 4 1 1
0 20 2 0 5 3 0 1 0 0 0 3 1 3 0 0 2 1 0 3 1
1 0 0 0 0 1 0 0 0 0 0 1 2 1 1 1 4 2 0 0 1
3 0 0 0 0 0 0 0 0 0 0 0 0 0 0 0 0 0 8 0 1
0 0 0 0 0 0 0 0 0 0 0 0 0 0 0 0 0 0 0 0 1
18 0 0 0 0 0 2 0 0 0 0 0 2 2 0 0 0 0 0 1 1
1 0 0 0 0 0 0 0 0 0 0 0 0 1 0 0 0 0 0 0 1
3 0 0 0 0 0 0 0 0 0 0 0 0 1 0 0 0 0 1 0 1
4 0 0 0 0 0 0 0 0 0 0 0 0 1 0 0 0 0 1 0 1
4 0 0 0 0 0 0 0 0 0 0 0 0 1 0 0 0 0 1 0 1
4 0 0 0 0 0 0 0 0 0 0 0 0 1 0 0 0 0 1 0 1
4 0 0 0 0 0 0 0 0 0 0 0 0 1 0 0 0 0 1 0 1
4 0 0 0 0 0 0 0 0 0 0 0 0 1 0 0 0 0 1 0 1
0 0 0 0 0 0 0 0 0 0 0 2 8 1 0 0 0 0 1 2 1
0 4 4 2 3 2 2 0 1 0 2 5 2 1 2 4 0 0 3 1 1
5 0 0 0 0 0 0 0 0 0 0 0 0 1 0 0 0 0 1 0 1
4 0 0 0 0 0 0 0 0 0 0 0 0 1 0 0 0 1 1 0 1
3 3 0 3 0 1 0 2 1 1 2 1 10 2 2 3 0 9 6 1 1
1 0 0 0 0 0 0 0 0 0 1 1 0 1 0 0 0 0 3 0 1
1 1 1 0 0 0 1 0 0 1 0 0 0 2 0 0 0 0 4 0 1
0 0 1 0 1 0 0 0 0 0 0 0 0 1 0 1 0 1 2 0 1
1 10 9 5 5 6 6 8 1 7 5 6 3 1 4 6 7 8 4 4 1
20 8 0 1 0 0 0 0 2 1 0 74 0 11 0 0 0 30 290 12 1
1 0 3 3 0 2 1 0 0 2 0 2 1 2 2 1 1 1 0 1 1
6 1 3 5 6 4 11 10 2 7 4 6 3 7 2 4 7 8 6 11 1
12 12 10 10 7 2 7 8 9 5 7 11 4 5 4 10 8 4 10 6 1
1 9 3 0 4 2 1 2 0 3 4 13 1 0 1 4 3 5 3 3 1
3 3 6 2 2 2 4 5 4 1 5 2 3 7 2 4 0 3 6 2 1
1 1 2 1 2 0 5 2 2 3 0 2 2 0 0 0 0 1 2 1 1
1 1 1 0 0 1 0 0 1 1 0 1 0 1 1 2 1 1 1 1 1
35 35 27 55 30 30 25 30 33 40 46 38 33 45 29 23 46 42 30 29 1
2 3 2 2 2 5 1 1 2 1 1 1 2 7 1 3 1 12 2 3 1
15 12 36 5 8 1 4 4 8 5 6 27 16 12 3 2 5 73 61 8 1
4 6 1 3 1 2 2 1 2 3 0 0 4 4 2 2 0 2 5 5 1
17 15 12 27 9 8 7 10 9 8 10 12 16 23 12 3 25 10 26 7 1
3 1 5 1 1 3 2 0 1 2 2 3 2 1 1 1 5 1 3 4 1
2 2 2 4 2 0 4 2 0 2 3 3 2 1 1 4 0 4 3 5 1
17 17 17 36 12 13 10 9 17 21 13 11 14 24 17 11 23 15 10 18 1
1 0 0 0 0 0 0 2 0 0 0 1 0 0 0 0 1 7 3 0 1
5 0 7 2 1 4 0 3 3 5 1 4 4 3 4 1 2 2 5 3 1
37 0 10 0 0 0 0 0 0 0 3 32 0 0 24 0 0 4 65 8 1
93 0 12 0 2 0 1 0 1 0 11 31 0 0 24 0 0 3 70 8 1
3 3 2 5 2 4 3 3 5 5 2 4 5 6 1 1 1 5 4 2 1
2 5 3 5 3 2 5 2 7 3 4 4 3 4 5 2 2 11 17 6 1
4 1 5 5 1 4 7 5 2 1 5 0 9 5 4 4 4 7 5 7 1
3 3 4 3 3 5 1 3 3 4 6 7 1 5 4 2 3 5 6 4 1
9 0 6 0 0 0 0 0 0 0 0 15 0 2 0 0 0 10 17 4 1
9 0 6 0 0 0 0 0 0 0 0 15 0 2 0 0 0 10 17 4 1
9 0 6 0 0 0 0 0 0 0 0 15 0 2 0 0 0 10 17 4 1
6 4 5 3 4 3 7 3 6 3 7 9 7 8 5 6 7 4 6 5 1
4 10 2 8 1 3 3 3 6 6 4 12 4 3 3 3 2 4 1 2 1
0 0 1 0 4 0 2 3 1 2 2 1 0 0 3 1 2 0 1 1 1
2 3 1 0 0 5 1 1 0 5 2 1 2 2 0 6 2 4 2 2 1
22 20 10 19 15 5 18 18 19 7 17 11 27 16 7 13 7 16 15 9 1
24 9 15 6 0 10 0 1 0 1 11 33 3 0 0 2 0 32 42 10 1
0 0 0 0 0 0 0 0 0 0 0 0 0 0 0 0 0 1 0 0 1
4 1 0 0 0 0 1 0 1 0 2 0 0 0 0 0 0 2 9 13 1
7 9 0 0 0 4 0 2 2 0 2 0 0 2 2 0 0 30 45 6 1
3 0 0 0 0 0 0 0 0 0 3 2 0 0 1 0 0 0 860 183 1
3 16 2 0 0 0 0 0 2 0 1 10 11 0 2 3 1 2 11 6 1
9 10 8 4 6 6 6 12 14 7 8 8 8 8 7 9 7 7 9 16 1
2 0 0 0 0 0 0 0 0 0 0 0 0 0 0 0 0 0 2 2 1
15 0 0 0 2 0 0 0 5 0 1 75 1 2 0 0 0 36 293 8 1
0 1 1 4 1 0 1 1 2 2 1 1 2 1 4 2 2 1 2 4 1
3 3 3 5 3 1 2 5 3 0 1 5 3 0 2 1 0 0 4 1 1
18 6 15 10 6 1 5 13 12 7 7 9 2 3 4 10 6 5 6 7 1
7 1 3 3 1 0 2 3 1 1 0 0 2 0 0 1 1 0 1 1 1
2 0 0 3 3 5 1 2 1 4 1 0 6 2 0 1 1 1 5 0 1
1 0 0 0 1 0 1 2 0 0 0 0 0 0 1 0 0 0 0 0 1
7 0 1 0 0 0 1 0 0 0 0 15 0 0 0 1 0 4 32 0 1
0 3 0 0 0 1 2 0 1 0 0 1 0 0 1 0 0 0 0 0 1
0 0 1 1 0 0 0 0 0 2 1 0 0 0 0 1 1 1 3 0 1
8 0 1 0 0 0 0 0 0 0 0 15 1 0 0 0 0 2 17 1 1
1 0 0 0 0 0 0 0 0 0 0 0 0 0 0 0 0 0 0 1 1
16 0 0 0 0 0 2 0 0 0 0 26 3 1 0 0 0 6 146 3 1
54 1 14 1 5 1 2 2 20 0 6 1338 25 53 0 1 1 105 1599 62 1
0 0 0 0 0 0 0 0 0 0 0 0 0 0 0 0 0 0 1 0 1
10 1 3 0 0 5 0 2 0 2 1 19 10 0 1 0 0 14 27 3 1
0 0 0 0 0 0 0 0 0 0 0 0 0 0 1 1 0 0 0 0 1
3 2 0 1 0 2 2 0 0 0 0 0 0 0 0 0 0 0 0 0 1
0 0 0 0 0 0 0 0 1 0 0 0 0 0 1 1 1 0 0 0 1
0 0 0 0 1 0 1 1 1 0 1 0 0 0 1 0 0 0 1 0 1
0 1 1 0 0 0 1 0 1 0 0 0 0 0 2 0 0 2 0 0 1
0 0 0 1 0 0 0 1 0 1 0 1 0 0 1 0 0 0 0 1 1
1 1 2 0 0 1 0 2 0 0 2 0 0 0 0 1 0 2 1 1 1
0 0 0 0 0 0 0 0 0 0 0 0 0 0 0 0 1 0 1 0 1
5 2 0 3 0 0 0 0 0 0 0 0 61 0 0 0 0 0 0 25 1
2 2 3 2 1 0 3 2 1 1 1 2 2 3 0 1 2 2 1 4 1
0 0 0 0 0 0 0 0 0 0 0 0 0 0 0 0 0 1 3 0 1
48 26 61 37 20 20 17 45 27 16 28 31 90 23 28 23 28 222 84 137 1
14 10 7 5 6 3 7 12 10 3 7 17 8 5 3 9 8 9 4 7 1
0 1 0 1 1 0 0 1 1 3 1 0 0 1 2 2 0 0 6 1 1
14 5 6 6 8 1 4 8 7 3 7 12 4 6 3 3 4 5 2 5 1
4 6 2 3 3 0 1 4 6 4 13 3 6 4 2 7 4 1 3 4 1
4 4 7 6 5 7 5 6 5 5 6 9 6 8 8 9 11 3 19 4 1
15218 20 29 10 8 17 16 6 12 7 29 394 30 43 29 9 2 103 277 45 1
63 38 852 4 1 37 2 3 0 0 4 6 0 11 38 2356 0 35 62 4 1
0 0 0 0 0 0 0 0 0 0 0 0 0 0 0 0 0 0 9 3 1
7 0 6 0 0 0 0 0 0 0 0 20 1 2 0 0 0 2 22 18 1
2 0 0 0 0 0 0 0 0 0 0 5 1 0 0 0 0 0 10 0 1
7 0 1 1 0 0 0 0 0 0 1 0 0 1 0 0 0 0 23 0 1
0 0 0 0 0 0 0 1 0 0 1 0 1 0 0 0 1 1 0 0 1
0 0 0 0 0 22 0 0 0 0 0 8 0 1 0 0 0 0 7 0 1
1 1 0 2 2 0 1 2 2 0 0 0 1 0 0 2 0 1 1 1 1
0 0 0 0 0 0 0 0 0 0 0 0 0 0 0 0 0 0 0 0 1
0 0 0 0 0 0 0 0 0 0 0 0 0 0 0 0 0 0 1 2 1
0 0 0 0 0 0 0 0 0 0 0 5 0 0 0 0 0 0 0 0 1
21 0 0 0 0 0 0 0 0 0 0 4 0 0 0 0 0 0 1 0 1
0 0 0 0 0 0 0 0 0 0 0 27 0 1 0 0 0 0 3 0 1
3 4 2 3 2 2 4 2 5 2 1 1 1 2 1 1 5 7 0 2 1
0 0 0 0 0 0 0 0 0 0 0 0 0 0 0 0 0 0 0 0 1
0 0 0 0 0 0 0 0 0 0 0 5 0 0 0 0 0 0 0 0 1
0 0 0 2 1 1 2 0 0 0 1 8 0 1 0 1 2 0 1 0 1
2 0 0 0 0 0 0 0 0 0 0 0 0 0 0 0 0 0 0 0 1
3 3 1 3 1 4 5 0 3 5 3 2 2 3 4 5 5 3 2 4 1
2 2 1 0 1 1 0 1 1 1 1 4 1 0 0 0 0 4 1 1 1
1 1 4 0 0 1 0 1 3 1 1 0 3 0 0 0 0 1 0 1 1
0 0 0 0 0 0 0 0 0 0 0 12 0 0 0 0 0 0 23 0 1
0 0 0 0 0 0 0 0 22 0 0 8 0 1 0 0 0 0 7 0 1
0 0 0 0 0 0 0 0 0 0 0 8 0 1 0 0 0 0 2 0 1
0 0 0 0 0 0 0 0 0 0 0 8 0 1 0 0 0 0 3 0 1
0 0 0 0 70 0 0 0 0 0 0 18 0 0 0 0 0 0 8 0 1
23 9 20 0 0 10 1 1 0 1 1 33 1 3 9 0 0 7 22 2 1
11 99 15 1 2 8 2 0 1 1 2 103 21 3 4 2 1 50 32 19 1
0 0 0 0 0 0 0 0 0 0 0 8 0 1 0 0 0 0 3 0 1
0 0 0 0 0 0 0 0 0 0 0 8 0 1 0 0 0 0 6 0 1
0 0 0 0 0 0 0 0 0 0 1 8 0 1 0 0 0 0 9 0 1
0 0 0 0 0 0 0 0 0 0 0 8 0 1 0 0 0 0 7 0 1
0 0 0 0 0 0 0 0 0 0 0 8 0 1 0 0 0 0 3 0 1
0 0 0 0 0 0 0 0 0 0 0 3 0 1 0 0 0 0 9 0 1
6 1 1 0 0 0 0 1 0 0 2 0 0 1 0 0 0 0 17 0 1
2 0 0 0 0 0 0 0 0 1 1 0 0 0 0 0 0 0 0 0 1
0 0 2 1 2 1 1 1 0 0 0 1 0 1 1 0 0 1 1 1 1
11 0 0 0 0 0 2 2 1 0 0 34 4 1 0 0 0 13 89 3 1
1 0 0 0 0 2 0 1 1 2 0 0 0 1 0 0 1 1 1 1 1
2 0 0 0 0 0 1 0 0 5 0 0 0 0 0 0 0 1 0 0 1
0 1 1 1 0 0 0 0 1 0 2 2 0 0 0 0 1 0 0 1 1
0 8 1 0 1 0 0 0 1 0 0 9 1 0 1 0 0 2 1 0 1
0 0 0 0 0 0 0 0 0 1 1 0 1 0 0 0 0 0 1 1 1
0 0 1 0 0 0 0 0 0 0 0 0 0 0 0 0 0 0 0 1 1
0 0 1 1 1 0 0 0 0 0 0 0 0 0 0 0 1 0 0 0 1
2 0 0 0 1 1 0 1 0 0 0 0 1 0 0 0 0 0 0 0 1
1 0 0 0 0 0 2 0 0 1 0 0 1 0 0 0 0 17 4 2 1
11 12 25 4 6 12 8 6 6 5 5 31 9 10 24 8 5 19 68 19 1
29 12 205 6 5 12 7 4 2 5 4 24 10 9 10 2 8 10 43 21 1
23 29 26 8 6 21 8 5 7 3 6 31 5 3 19 3 6 30 81 46 1
0 0 0 0 2 0 0 0 0 0 0 16 0 0 0 0 0 1 4 0 1
0 0 0 0 0 0 0 0 0 0 1 16 0 0 0 0 0 0 3 0 1
0 0 0 0 0 0 0 0 0 0 0 15 0 1 0 0 0 6 2 0 1
0 0 0 0 0 0 0 0 0 0 0 1 0 0 0 0 0 0 2 0 1
1 0 0 0 0 0 0 0 0 0 0 0 0 0 0 0 0 0 0 0 1
3 1 4 1 2 0 5 4 3 2 1 9 2 1 3 5 2 1 25 1 1
12 0 2 0 0 0 0 0 0 0 0 0 0 1 0 0 0 4 7 0 1
0 3 0 2 3 1 4 3 2 3 2 1 0 1 1 3 1 2 1 3 1
4 4 1 3 3 4 4 0 3 6 3 3 0 3 4 6 2 2 2 6 1
0 2 0 1 1 5 0 4 0 1 1 0 2 0 0 1 0 0 2 1 1
5 0 0 0 0 0 0 0 0 0 0 0 0 0 0 0 0 0 0 0 1
6 0 0 0 0 0 0 0 0 0 0 5 0 0 0 0 0 0 0 0 1
20 0 0 2 0 0 0 0 1 0 0 17 0 0 0 0 0 0 3 0 1
2 0 0 0 0 0 0 0 0 0 0 0 0 0 0 0 0 0 0 0 1
1 0 0 0 0 0 1 0 0 0 1 0 0 0 0 0 1 0 1 0 1
1 0 0 1 0 0 0 0 0 0 0 1 0 0 0 1 0 0 0 0 1
10 0 2 0 0 0 0 0 0 0 0 23 0 1 0 0 0 8 56 1 1
0 0 0 0 0 0 0 0 0 0 0 0 0 0 0 0 0 0 0 0 1
13 13 13 17 14 12 12 11 14 14 16 13 14 17 10 8 14 16 12 16 1
5 4 5 5 8 4 7 2 3 2 6 7 6 7 5 2 6 4 5 4 1
0 0 0 0 0 0 0 0 0 0 0 1 0 0 0 0 0 0 0 0 1
0 0 0 1 0 0 1 0 0 0 0 0 0 1 0 0 0 1 0 0 1
1 0 0 0 0 0 0 0 0 0 0 0 0 0 0 0 0 1 1 0 1
0 0 0 0 0 0 0 0 0 0 0 0 0 0 0 0 0 0 0 0 1
0 0 0 0 1 0 0 0 1 1 1 1 1 2 0 1 1 1 1 0 1
370 1172 511 9 1 99 1 11 5 1 3 14 21 11 479 9 0 211 343 93 1
0 0 0 0 0 0 0 0 0 0 0 0 0 0 0 0 0 6 1 0 1
0 0 0 0 0 0 0 0 0 0 0 1 0 0 0 0 0 0 0 0 1
2 1 1 0 0 0 1 0 2 0 2 1 2 2 0 2 0 1 0 0 1
2 1 1 3 3 0 1 2 2 3 2 1 4 4 1 3 4 2 4 0 1
0 0 0 0 0 0 0 0 0 0 0 0 0 0 0 0 0 0 0 0 1
0 2 1 1 1 0 1 2 1 1 1 0 0 0 1 0 1 2 1 1 1
0 0 2 0 1 0 1 0 2 1 0 3 1 1 0 0 0 0 2 1 1
0 0 0 0 0 0 1 0 0 0 0 0 0 0 0 0 0 0 0 0 1
0 0 0 0 0 0 0 0 0 0 0 0 0 0 0 1 1 1 1 0 1
0 0 0 0 0 0 0 0 0 0 0 0 0 0 0 0 0 0 5 0 1
3 1 5 0 1 0 0 0 0 0 1 2 0 0 0 0 0 0 1 0 1
0 0 0 0 0 1 0 0 1 0 0 0 0 0 0 0 0 0 2 0 1
8 0 1 0 0 0 0 0 0 0 0 0 0 0 2 0 2 0 169 37 1
2 3 1 1 0 2 1 1 3 2 2 2 4 1 2 1 0 0 0 1 1
1 0 0 0 0 0 0 0 0 0 0 0 0 0 0 0 0 0 7 2 1
27 21 26 19 25 28 16 14 18 35 16 34 19 22 25 15 19 31 49 18 1
3 0 0 0 0 0 0 0 0 0 0 0 0 0 0 0 0 0 0 0 1
0 0 0 0 2 0 1 0 0 0 1 0 0 0 1 1 0 1 4 1 1
15 0 19 0 0 4 0 0 0 0 0 1 0 0 21 0 0 0 2 0 1
3 0 0 0 0 0 0 0 0 0 0 0 0 0 0 0 0 0 2 0 1
1 0 1 0 0 0 0 0 0 0 0 1 1 0 0 0 0 1 1 0 1
4 0 0 0 0 0 1 0 0 0 2 20 0 0 0 0 0 0 4 5 1
0 0 0 0 0 1 0 0 0 1 0 2 2 0 0 0 0 0 0 0 1
0 0 0 0 0 1 0 0 0 0 0 0 7 0 2 0 1 22 1 0 1
0 0 0 0 1 2 3 1 0 0 1 0 1 0 6 4 2 1 2 1 1
8 0 0 0 0 0 1 0 0 0 0 31 0 0 0 0 0 0 1 0 1
10 0 2 0 0 0 0 0 0 0 0 11 0 0 0 0 0 0 4 0 1
1 0 0 0 0 0 0 0 0 0 0 0 1 0 0 0 0 0 1 0 1
1 0 0 0 0 0 0 0 0 0 0 0 0 0 0 0 0 0 1 0 1
0 0 0 0 0 0 0 0 0 0 0 2 0 0 0 0 0 0 0 0 1
2 0 3 0 1 0 0 2 1 1 0 1 0 1 1 0 1 1 2 0 1
5 0 0 0 0 1 0 0 0 0 0 0 0 0 2 0 0 1 1 0 1
3 0 0 1 0 13 0 2 1 0 0 0 5 0 0 0 2 5 5 0 1
4 0 0 1 0 1 0 0 0 0 0 0 0 2 2 0 0 0 1 0 1
1 0 1 0 0 0 0 0 0 0 0 2 2 0 0 0 0 3 2 0 1
1 0 0 0 0 0 0 0 0 0 0 1 0 0 0 0 0 1 2 0 1
0 0 0 0 0 0 0 0 0 0 0 8 0 1 0 0 0 0 7 0 1
1 0 0 1 0 1 0 1 0 0 0 0 0 0 0 0 1 1 1 0 1
0 0 0 0 0 0 0 0 0 0 0 8 0 1 0 0 0 0 6 0 1
5 0 0 0 0 0 0 0 0 0 0 26 0 0 0 0 0 1 0 0 1
0 0 0 0 0 1 0 0 0 0 0 2 0 0 0 1 0 1 1 1 1
0 0 1 0 0 0 0 0 0 0 0 1 0 0 0 0 0 0 0 0 1
1 1 0 0 0 0 0 0 1 0 0 0 1 1 0 0 0 1 1 1 1
8 0 2 0 1 0 0 0 0 1 0 24 0 0 1 1 0 6 3 0 1
11 0 3 0 0 0 0 0 0 0 0 31 0 0 0 0 0 0 4 0 1
0 0 0 0 0 0 0 2 0 0 0 0 0 0 0 0 1 0 6 1 1
1 0 0 0 0 1 1 1 1 2 1 0 1 1 1 2 2 0 1 0 1
3 0 0 0 0 0 0 1 0 0 0 1 0 0 0 0 0 1 0 0 1
0 1 2 0 0 0 0 0 3 0 1 2 2 3 0 2 0 0 2 1 1
3 0 0 0 1 12 0 0 1 0 0 0 1 1 0 0 0 0 1 0 1
5 19146 0 5 1 7 4 4 0 8 10 13 54 3 19 5 2 15 49 10 1
1 2 1 2 0 1 1 0 0 0 2 0 1 1 0 0 1 1 0 1 1
3 6 0 3 0 1 2 1 3 2 4 1 0 0 2 3 5 1 2 3 1
33 42 88 14 14 12 13 16 13 8 19 666 29 28 13 13 14 77 344 144 1
12 0 0 0 2 0 0 1 0 0 2 0 0 0 0 0 0 13 3 0 1
13 3 1 0 0 1 0 1 1 0 0 2 1 2 0 0 0 1 4 2 1
67 0 75 2 4 4 5 4 6 0 9 199 7 9 2 4 1 75 413 82 1
3 3 0 3 2 4 1 0 5 2 0 2 4 2 0 1 1 1 5 3 1
1 1 1 0 0 0 0 1 0 0 0 2 0 0 2 0 0 5 2 0 1
24 41 7 5 9 9 15 12 7 10 8 35 15 8 17 6 11 23 97 17 1
1 8 0 0 0 0 0 0 0 0 0 20 0 0 0 0 0 3 9 5 1
0 3 0 3 1 0 0 3 0 1 2 2 1 0 5 0 0 2 1 3 1
2 10 5 2 2 1 3 1 2 7 3 7 4 5 4 2 5 5 6 7 1
2 1 0 1 2 0 1 0 1 9845 0 0 1 0 1 0 4 39 1 1 1
5 49 2 0 2 74 18 2 42 1 0 2 12 1 3 1 1 10 1 0 1
4 2 5 0 0 2 2 1 1 0 0 1 1 1 6 6 1 1 1 0 1
1 27 0 2 1 2 0 1 0 0 1 0 1 0 2 0 0 2 2 0 1
9 1 0 2 1 0 1 5 0 0 2 1 0 1 0 1 0 2 3 1 1
14 3 6 1 2 0 3 5 2 2 3 20 2 3 2 2 0 11 36 4 1
0 0 0 0 0 0 0 0 0 0 0 0 0 0 0 0 0 0 0 0 1
0 0 1 0 0 0 0 0 0 0 0 0 0 0 0 0 0 0 1 0 1
6 0 1 0 0 0 0 1 0 0 0 0 0 0 0 0 0 0 3 0 1
0 1 1 0 1 0 0 0 1 1 1 2 0 0 1 1 0 0 0 0 1
2 4 1 3 1 2 1 2 1 1 0 3 0 2 6 2 2 1 1 2 1
0 8 0 0 0 0 0 0 0 0 0 9 2 3 0 0 0 0 0 0 1
0 7 2 0 0 0 0 0 2 0 3 9 1 0 1 1 1 2 1 1 1
14 0 0 0 0 0 0 0 0 0 0 40 0 1 0 0 0 6 98 1 1
2 0 2 2 1 0 0 0 2 0 1 1 1 3 0 1 0 1 0 0 1
9 7 0 0 0 0 0 0 0 0 0 102 2 5 0 0 0 14 281 7 1
4 3 0 2 3 3 4 2 0 0 6 3 1 2 2 3 4 1 4 2 1
0 1 2 2 2 2 0 2 0 3 2 5 1 2 0 0 0 5 6 2 1
1 2 2 0 0 2 4 2 4 1 4 2 2 2 1 0 1 2 2 1 1
12 0 1 0 1 0 1 1 1 1 0 75 1 6 0 0 0 7 190 7 1
0 0 1 0 0 0 0 0 0 0 0 1 0 0 0 0 0 0 1 2 1
2 3 2 1 2 3 0 2 1 3 1 3 3 1 2 4 0 3 1 2 1
0 0 1 0 0 0 0 1 0 0 0 1 0 0 0 0 1 0 0 1 1
1 3 1 1 0 1 0 3 2 2 4 2 2 2 0 0 0 2 2 0 1
185 485 318 10 3 56 2 17 11 1 2 24 49 11 249 22 2 232 316 95 1
3 0 2 2 1 3 2 0 2 1 0 1 1 2 1 0 1 4 0 5 1
1 2 3 1 3 0 0 3 0 1 2 1 5 0 1 1 1 2 2 1 1
6 0 1 2 4 1 3 1 2 5 2 2 0 4 0 1 2 4 3 0 1
3 2 0 0 1 2 1 0 2 1 0 0 1 1 2 1 2 2 1 1 1
7 2 1 1 0 2 2 1 2 0 3 3 1 2 0 3 2 4 1 4 1
3 2 3 3 1 2 1 1 2 0 1 2 0 4 2 0 1 7 1 2 1
1 0 2 2 0 3 1 0 2 6 3 2 2 0 5 1 1 6 3 2 1
3 1 3 3 2 0 4 0 2 2 3 2 4 1 1 0 0 4 6 1 1
2 1 1 1 0 1 0 2 7 1 0 1 3 2 1 2 0 7 2 2 1
0 1 0 0 0 0 1 0 1 1 0 0 0 0 0 1 0 4 1 0 1
7 2 0 1 1 0 0 0 0 1 0 19 1 2 0 1 0 8 23 0 1
0 0 0 0 0 1 0 0 2 0 0 2 1 0 0 1 0 0 0 1 1
10 0 0 0 0 0 0 1 0 0 0 92 2 2 0 0 0 11 206 10 1
1 0 0 0 0 2 0 0 0 0 0 1 0 0 0 0 0 0 0 1 1
0 0 0 0 0 0 1 0 0 0 1 1 0 0 0 0 0 0 0 1 1
12 4 2 3 0 0 0 3 2 1 1 137 6 10 1 1 0 9 257 16 1
2 0 0 0 0 0 0 0 0 0 0 1 0 0 0 0 0 0 2 3 1
0 0 2 2 1 1 0 0 1 4 2 1 4 4 3 1 2 7 3 1 1
1 0 0 0 2 0 0 1 2 1 0 0 0 1 0 2 0 5 0 2 1
1 0 0 2 0 0 0 0 1 1 2 1 1 0 1 0 1 1 1 1 1
8 0 0 0 0 0 0 0 0 0 0 92 0 0 0 0 0 40 216 4 1
2 0 2 0 1 1 1 0 0 0 0 33 1 1 0 0 0 0 6 0 1
3 0 1 0 0 0 0 0 0 0 0 1 0 0 0 0 0 0 3 0 1
0 0 0 0 0 0 0 0 0 0 0 1 0 1 0 0 0 0 0 1 1
0 0 0 1 0 0 2 0 1 0 0 12 0 0 2 2 0 2 2 0 1
0 1 0 0 1 0 1 1 2 2 1 0 1 1 1 1 1 2 0 2 1
0 0 0 1 0 0 0 0 0 0 0 2 0 0 0 0 0 0 0 1 1
12 0 0 0 0 1 0 0 1 0 0 5 0 0 0 0 0 12 14 1 1
13 0 0 0 0 0 0 0 1 0 0 2 0 0 0 0 0 16 14 1 1
1 0 0 1 0 0 0 0 0 0 1 1 0 0 1 0 0 0 1 1 1
9 0 0 0 0 0 0 0 0 0 0 3 0 0 0 0 0 11 14 1 1
1 0 0 1 0 0 1 2 1 0 0 1 0 0 0 1 0 0 0 1 1
1 0 0 0 0 0 0 0 0 0 0 1 0 1 0 0 0 0 0 0 1
0 1 1 0 0 1 1 0 1 2 1 0 3 0 1 0 3 12 3 11 1
7 0 0 0 0 0 0 0 0 0 0 6 0 0 0 0 0 11 14 1 1
4 0 0 0 0 0 0 1 0 0 0 41 0 1 0 1 1 1 6 0 1
0 0 0 2 1 1 1 0 1 2 1 1 2 0 0 0 1 1 0 3 1
4 0 0 1 1 0 3 1 2 0 1 1 4 6 2 2 0 0 1 0 1
1 2 3 1 2 1 3 1 1 0 2 2 2 4 1 3 3 5 4 4 1
0 1 1 3 1 1 0 0 1 0 1 0 3 5 1 1 1 0 7 2 1
2 0 0 0 0 0 1 0 0 0 0 44 1 0 0 0 1 9 72 1 1
3 0 0 0 0 0 0 0 0 0 0 40 0 1 0 0 0 7 68 1 1
1 0 1 0 0 4 1 2 1 4 3 2 4 0 0 1 4 3 4 2 1
2 0 0 0 2 0 0 0 1 0 0 36 0 2 0 0 0 0 3 1 1
3 0 0 0 1 0 0 0 1 0 0 19 0 0 0 0 0 2 1 3 1
1 3 5 2 1 1 0 1 4 1 5 4 3 3 4 6 3 3 4 3 1
21 0 0 0 0 0 0 0 0 0 0 168 0 7 0 0 0 35 434 7 1
0 0 0 0 0 0 0 0 0 0 0 0 0 0 0 0 0 1 2 3 1
0 0 0 0 0 0 0 0 0 0 1 1 0 0 0 0 0 0 0 1 1
0 1 1 0 0 0 1 0 0 0 1 0 0 0 0 0 0 2 1 3 1
0 0 5 0 0 0 1 0 0 0 0 1 0 0 0 0 0 0 2 0 1
0 0 0 0 0 0 0 0 0 0 0 1 0 0 0 0 0 1 1 1 1
8 0 0 0 0 0 0 0 0 0 0 6 0 1 0 0 0 8 16 2 1
16 10 8 8 11 14 16 11 7 13 7 11 12 14 10 14 15 10 7 13 1
0 0 1 1 1 0 1 0 1 1 0 1 1 0 1 1 1 3 3 1 1
1 1 0 1 1 0 1 0 0 0 0 0 2 0 2 0 0 1 2 1 1
0 1 3 1 1 0 2 0 0 0 0 0 1 0 0 0 2 0 1 1 1
2 2 2 3 3 2 2 2 1 0 0 0 3 1 2 0 1 7 1 2 1
7 2 2 2 0 0 4 5 1 1 0 0 0 0 0 1 0 0 0 0 1
2 1 1 3 0 4 0 2 4 0 1 1 0 1 1 0 2 7 0 1 1
1 1 1 1 1 0 2 1 2 0 2 1 2 1 3 1 2 0 2 1 1
0 0 0 0 0 0 0 0 1 0 1 0 0 0 0 0 0 0 1 0 1
2 0 0 1 0 0 1 2 0 1 1 0 3 0 0 1 1 6 4 4 1
2 4 1 1 0 2 1 1 2 1 0 4 1 4 1 2 3 1 5 1 1
0 0 0 0 0 0 0 0 1 0 0 2 0 0 1 0 0 0 0 0 1
2 1 0 2 1 0 1 0 0 2 0 0 1 3 1 1 1 6 7 1 1
1 0 0 0 0 0 0 0 0 0 0 0 2 0 0 0 0 7 2 1 1
0 0 0 0 0 0 0 0 0 0 0 0 0 0 0 0 0 4 1 1 1
1 0 0 0 0 0 0 0 0 1 0 0 2 0 0 0 0 4 1 2 1
2 2 2 2 4 3 2 3 5 3 1 2 1 3 3 3 3 4 1 0 1
0 2 0 1 1 0 1 2 1 0 3 1 3 0 2 1 0 2 4 2 1
0 0 0 0 0 0 0 0 0 0 0 0 0 0 0 0 0 1 2 1 1
0 2 0 0 0 0 0 1 0 0 2 1 1 0 0 0 0 0 0 1 1
10 0 0 0 0 0 0 0 0 0 0 2 0 0 0 0 0 8 0 0 1
3 0 7 0 0 0 0 1 0 1 2 1 1 2 0 0 1 4 2 0 1
1 2 0 0 0 0 0 0 3 0 1 1 2 0 0 0 0 0 1 2 1
0 2 2 0 0 0 1 1 1 2 2 0 5 0 2 2 2 3 2 1 1
1 0 1 1 0 0 0 0 0 0 0 2 1 0 0 1 2 0 0 0 1
0 3 1 1 1 2 1 0 3 0 1 1 3 1 0 0 0 3 1 1 1
0 2 0 1 2 0 2 1 1 2 2 0 1 1 1 1 2 4 1 0 1
4 1 0 0 0 0 0 0 0 0 1 15 0 0 0 0 0 5 1 0 1
1 0 0 1 0 0 0 1 0 0 0 2 0 0 0 0 0 0 0 0 1
3 1 0 0 0 0 0 0 2 0 0 0 1 0 0 0 0 6 1 1 1
0 0 0 0 0 0 0 0 0 0 0 1 0 0 0 1 0 0 0 1 1
47 39 42 40 40 39 38 44 42 44 41 27 51 47 37 44 35 36 41 42 1
0 0 0 1 0 1 0 0 1 0 0 1 0 0 0 0 0 0 1 0 1
0 0 0 0 0 0 0 0 1 0 0 1 0 1 0 1 0 0 0 1 1
1 0 0 0 0 0 0 2 0 1 1 1 1 0 0 0 0 0 2 0 1
3 0 0 0 0 1 0 0 0 0 0 0 0 0 0 0 0 0 1 0 1
3 4 0 2 2 0 3 11 3 0 0 0 3 1 2 0 1 3 3 2 1
0 0 4 0 2 0 2 1 1 0 1 0 1 0 0 0 0 12 2 1 1
1 0 1 0 0 0 0 0 1 0 0 1 1 0 0 0 0 0 0 0 1
1 0 0 1 0 0 0 0 0 0 0 1 0 0 0 0 0 0 0 0 1
0 0 0 2 0 0 0 0 1 0 1 1 0 0 0 1 2 0 0 0 1
0 1 1 0 0 1 0 1 0 0 1 0 2 1 0 2 0 0 1 0 1
2 0 0 0 0 0 0 0 0 0 0 1 0 0 0 0 0 3 3 1 1
1 0 0 0 0 0 0 0 0 1 0 0 1 0 0 1 0 0 2 0 1
9 0 0 0 0 0 0 0 0 0 0 41 0 1 0 0 0 19 57 0 1
0 0 0 0 0 0 0 0 0 1 0 1 0 0 0 0 1 1 0 1 1
8 0 0 0 0 0 0 0 0 0 0 4 0 1 0 0 0 14 13 0 1
1 1 0 1 1 3 1 0 0 1 0 0 0 0 1 0 0 2 0 2 1
0 0 5 0 0 0 1 1 0 1 0 1 0 7 2 0 0 3 7 3 1
2 0 0 0 0 0 0 0 0 0 1 0 0 0 0 0 0 1 0 1 1
2 0 0 0 0 0 0 0 0 0 0 6 0 0 0 0 0 0 0 1 1
0 0 0 0 0 0 0 0 0 0 0 2 0 0 0 0 0 2 0 0 1
3 0 0 0 0 0 0 0 0 0 0 4 0 0 2 0 0 0 0 0 1
1 0 0 0 0 0 0 0 0 0 0 5 0 0 2 0 0 0 0 0 1
2 0 0 0 2 1 0 0 0 0 0 1 0 4 0 0 0 0 0 1 1
0 0 0 0 0 0 0 1 0 0 0 1 0 0 1 0 0 0 0 0 1
0 0 0 1 0 0 0 0 0 0 0 30 0 2 0 0 0 0 4 0 1
10 0 0 0 1 0 0 0 0 0 0 86 1 4 0 0 0 6 300 1 1
0 1 0 0 0 0 0 1 0 0 0 0 1 0 0 1 0 0 1 0 1
7 0 0 5 0 0 1 0 0 0 0 5 0 1 0 0 0 0 1 1 1
0 0 0 0 0 0 0 0 0 0 0 0 0 0 0 0 0 1 0 0 1
2 1 0 0 0 0 0 0 0 0 0 1 1 1 0 0 0 3 1 2 1
1 0 1 0 0 0 0 1 0 0 1 1 1 1 0 1 0 1 1 1 1
7 0 2 0 0 0 0 0 0 0 2 17 0 2 2 0 0 10 12 0 1
16 0 0 0 0 0 0 0 1 0 0 83 0 1 0 0 0 21 130 1 1
0 1 1 0 0 0 0 0 0 0 0 0 0 1 1 1 0 0 0 1 1
45 0 1 2 0 0 0 1 0 0 0 42 1 0 0 0 0 0 11 27 1
1 0 0 1 0 2 1 1 0 0 0 1 1 1 1 0 0 1 0 0 1
2 0 0 0 0 0 0 6 0 0 0 0 2 0 1 0 0 0 0 0 1
2 1 2 1 0 0 0 6 0 0 0 3 0 1 1 1 0 1 3 1 1
4 7 13 10 1 4 2 3 5 2 2 3 2 4 1 3 5 2 8 3 1
1 1 1 0 0 0 0 1 0 1 1 0 0 1 1 1 3 2 2 1 1
15 57 6 4 2 3 3 2 2 3 2 6 7 4 4 1 2 114 77 2 1
11 7 5 0 1 21 1 1 0 0 0 0 3 12 2 1 1 10 17 22 1
0 0 0 0 0 0 0 1 0 0 0 0 0 0 0 0 0 0 2 6 1
0 0 0 1 0 0 0 1 0 0 0 1 0 0 0 0 0 0 0 1 1
40 6 6 0 4 1 1 1 5 0 2 602 1 22 0 0 0 42 842 47 1
9 0 0 0 1 0 0 0 0 0 0 39 0 1 0 0 0 10 53 0 1
12 0 0 0 0 0 0 0 0 0 0 34 0 1 0 0 0 13 60 3 1
0 2 0 0 0 0 0 0 0 0 0 2 0 1 0 0 0 2 0 2 1
13 9 18 9 5 11 6 8 10 7 10 8 12 10 9 5 6 20 13 7 1
0 0 1 0 0 0 1 1 1 0 0 0 0 0 0 0 0 0 0 0 1
24 17 9 16 11 3 17 33 26 9 19 48 17 13 5 28 10 14 13 13 1
0 0 0 0 0 0 0 0 0 0 0 0 0 0 0 0 0 2 1 10 1
0 0 0 0 0 1 0 0 0 0 0 0 0 0 0 0 1 0 2 1 1
0 0 0 0 0 1 0 0 0 3 0 0 0 1 1 0 0 0 0 0 1
0 0 1 0 1 0 0 0 0 0 0 1 1 2 1 0 0 0 0 1 1
1 0 0 0 0 0 0 0 0 2 0 1 0 1 1 1 1 1 0 1 1
2 0 0 0 1 0 2 0 0 0 0 1 0 0 0 1 1 0 1 0 1
5 1 4 3 9 6 1 1 1 1 1 10 4 1 0 1 1 14 2 28 1
0 2 0 0 0 0 0 0 0 0 0 0 0 0 2 3 0 0 0 0 1
8 2 2 0 2 5 1 0 0 0 2 0 6 0 9 4 0 22 18 5 1
8 1 1 0 2 3 1 0 0 1 0 0 6 0 4 0 0 22 18 5 1
513 0 1 7 0 0 0 8 0 0 2 0 0 0 0 0 0 0 1 0 1
6 0 0 0 0 0 0 0 0 0 0 5 0 2 0 0 0 3 17 0 1
2 27 2 1 0 0 1 0 0 0 1 0 5 0 2 1 0 12 15 0 1
7 1 1 0 2 3 1 1 0 0 0 1 7 0 4 0 0 22 18 6 1
1 3 1 2 0 0 1 1 1 0 1 3 1 0 1 1 0 1 1 0 1
0 1 2 0 2 3 0 2 0 1 1 1 3 1 1 2 1 3 0 1 1
0 0 1 0 1 0 0 0 0 0 0 0 0 1 0 0 2 2 1 1 1
2 2 2 2 2 2 1 0 2 2 2 3 7 1 4 4 3 3 3 4 1
2 3 2 5 1 2 0 2 4 1 1 3 6 1 1 3 1 4 1 1 1
0 2 0 4 1 3 1 3 3 2 1 2 3 2 0 1 2 11 3 2 1
0 3 0 1 0 6 2 2 2 1 4 4 4 3 3 1 1 3 8 3 1
3 1 1 2 3 0 0 2 2 2 0 2 6 2 2 2 0 2 3 0 1
1 2 1 2 0 1 2 1 2 3 1 2 1 1 2 0 3 4 4 2 1
2 2 2 2 1 6 1 0 2 1 1 4 1 1 0 4 1 3 3 4 1
3 1 4 3 1 0 4 0 2 2 1 2 1 1 1 1 3 7 1 0 1
2 3 3 1 0 1 2 0 2 0 1 1 3 1 2 1 1 4 3 1 1
2 0 3 2 2 7 1 0 5 4 4 4 2 2 1 3 2 11 2 2 1
1 1 2 2 0 3 3 1 2 5 2 2 3 2 1 0 2 1 2 4 1
8 0 0 0 1 0 0 0 0 0 0 29 0 1 0 0 0 10 96 1 1
10 0 0 0 0 0 0 0 0 0 0 17 0 0 0 0 0 7 31 0 1
10 0 0 0 0 0 1 0 0 0 0 17 0 0 0 0 0 7 32 0 1
0 1 0 0 1 0 0 0 0 0 0 1 0 0 0 1 0 0 1 1 1
1 0 0 0 0 0 0 0 0 0 0 1 0 0 0 0 0 0 0 1 1
0 0 0 0 1 0 0 0 1 0 0 1 0 1 0 1 0 0 0 1 1
0 0 1 1 3 5 0 0 2 0 1 3 5 3 2 2 1 11 2 2 1
0 0 0 0 1 0 0 20 0 10 0 2 1 0 0 0 0 0 10 1 1
0 0 0 1 0 0 0 1 0 0 0 0 1 1 1 0 0 0 0 0 1
0 0 5 2 2 0 3 2 2 1 0 7 1 2 0 1 1 0 3 2 1
0 0 0 0 0 0 0 0 0 0 0 1 0 0 0 0 0 0 0 1 1
2 2 3 1 1 2 1 4 1 1 2 13 3 2 2 1 1 1 22 3 1
6 1 4 1 2 1 2 1 0 1 0 11 0 2 4 2 2 1 25 2 1
1 2 1 2 1 1 1 0 1 0 0 0 3 1 0 0 0 1 1 0 1
0 0 0 1 2 0 0 0 1 0 0 1 0 0 0 1 0 0 0 2 1
2 0 0 0 0 0 0 0 1 0 0 0 0 0 0 0 0 0 4 1 1
3 1 1 1 0 1 0 0 0 2 4 0 2 2 3 0 0 4 1 2 1
1 0 0 0 0 0 0 0 0 0 0 0 0 0 0 1 0 0 0 0 1
0 0 1 0 0 0 1 0 1 0 0 0 2 1 1 1 2 0 0 0 1
0 0 1 1 0 0 0 0 2 0 0 29 0 1 0 0 0 1 1 1 1
4 2 1 2 2 2 3 2 1 4 2 2 4 1 0 1 1 4 1 3 1
2 2 1 1 1 1 0 3 3 1 3 0 2 2 3 2 0 5 2 0 1
4 0 0 5 0 0 0 0 1 0 0 8 1 1 0 0 0 0 2 0 1
0 0 0 0 0 1 0 0 0 1 0 1 0 0 0 0 0 0 0 0 1
0 0 0 0 0 0 0 0 0 0 0 1 0 1 0 0 1 10 4 1 1
3 1 1 2 0 0 0 0 4 0 0 1 1 1 1 1 0 7 2 1 1
14 0 0 0 0 14 7 0 0 0 0 196 14 0 0 0 0 56 455 7 1
2 2 0 1 0 0 0 0 0 0 3 1 2 0 1 0 2 3 3 1 1
1 1 0 0 0 1 0 1 0 0 1 0 2 0 0 0 0 3 2 0 1
0 0 0 0 0 1 0 0 2 1 0 1 0 0 0 0 0 0 0 0 1
19 0 0 0 0 1 0 0 1 0 0 23 0 1 0 0 0 14 109 0 1
0 1 0 0 0 0 2 0 1 1 1 1 0 1 0 0 0 0 0 1 1
15 0 0 0 0 1 1 0 0 0 0 23 0 1 0 0 0 11 109 0 1
28 3 6 0 6 0 1 1 9 2 2 692 1 25 11 1 0 39 1147 33 1
1 2 1 0 0 2 0 2 1 3 2 2 1 0 1 1 0 2 3 0 1
1 2 0 0 1 0 0 1 2 0 0 1 0 2 0 1 0 2 3 1 1
1 4 0 1 0 0 0 0 0 0 1 0 1 0 0 1 0 2 1 0 1
27 1 13 3 0 7 0 1 0 0 11 0 1 1 6 0 0 12 2 0 1
14 0 0 2 1 0 7 1 2 0 0 0 2 1 1 2 1 6 5 3 1
5 0 0 0 0 0 1 0 0 0 0 6 0 0 3 0 0 5 48 0 1
3 0 1 1 0 0 0 0 0 0 0 0 0 0 0 1 0 0 5 1 1
3 15 0 5 5 5 1 3 3 5 6 14 1 5 4 5 1 3 4 4 1
10 1 2 0 0 2 0 1 0 0 2 0 1 0 1 0 0 1 10 0 1
1 3 1 0 0 0 0 1 0 1 1 0 1 0 0 2 0 2 2 2 1
2 1 1 0 0 1 0 1 0 0 1 0 0 0 0 0 0 1 0 3 1
4 0 0 0 1 0 0 0 0 0 0 0 0 0 0 0 3 0 1 0 1
3 0 0 0 0 0 1 0 1 0 1 5 1 2 0 0 0 14 21 2 1
0 0 0 0 0 0 2 1 0 0 0 1 0 0 0 0 0 0 0 0 1
0 3 0 0 0 1 0 1 2 1 0 0 0 0 2 0 1 1 0 1 1
0 0 0 0 0 0 0 0 0 1 1 0 0 1 0 0 0 1 0 0 1
8 2 4 9 9 3 4 7 10 5 4 4 5 7 11 8 5 15 43 30 1
2 2 0 2 2 0 0 0 0 0 0 0 1 2 0 1 3 0 1 1 1
14 1 0 1 0 1 0 3 0 0 0 0 0 1 0 0 2 1 2 0 1
29 11 13 30 24 3 25 46 37 10 18 60 31 20 9 16 23 29 14 25 1
4 0 0 1 0 0 1 1 2 0 0 2 0 1 20 0 1 1 0 1 1
38 13 20 23 20 6 16 28 33 15 22 51 21 18 7 15 10 20 13 16 1
3 0 1 1 2 2 1 0 1 2 2 6 1 0 1 1 0 0 4 0 1
3 2 1 0 3 2 3 1 2 0 2 0 5 3 2 0 2 1 0 0 1
7 0 1 0 1 1 1 3 3 0 0 0 0 1 1 1 1 1 0 4 1
1 1 1 3 1 1 2 1 1 0 0 0 2 2 1 0 2 2 3 1 1
1 1 2 0 0 0 0 1 0 0 0 0 0 1 0 1 0 3 2 2 1
0 2 1 0 0 1 1 0 0 1 0 1 2 3 0 2 1 1 3 2 1
2 0 1 0 0 0 1 0 0 2 2 2 4 0 0 0 0 0 2 0 1
2 0 1 0 0 0 0 1 1 0 0 3 2 0 2 0 1 4 6 0 1
0 0 0 0 0 1 1 0 2 0 0 0 0 0 1 1 0 0 0 0 1
0 0 2 0 0 0 0 1 1 0 0 0 0 0 0 1 1 2 1 0 1
0 0 0 0 0 1 0 0 1 0 0 1 1 1 0 1 1 0 0 0 1
1 0 0 0 0 1 0 0 0 0 0 0 0 0 0 0 0 0 0 0 1
0 0 1 0 0 0 0 0 0 0 0 1 0 0 0 2 0 0 0 1 1
3 0 1 0 0 0 0 0 1 0 0 2 2 0 1 0 0 5 12 0 1
0 0 0 0 0 0 0 0 0 0 0 0 0 0 0 0 0 0 0 0 1
0 0 0 0 0 0 0 0 0 0 0 0 0 0 0 1 0 0 0 0 1
0 0 0 0 0 0 0 0 0 0 0 0 0 0 0 0 0 0 0 0 1
1 0 0 0 0 0 0 0 0 0 0 0 0 1 0 0 0 0 0 2 1
11 0 0 0 0 0 0 0 0 0 0 0 0 0 0 0 0 0 0 0 1
0 0 0 0 0 0 0 0 0 0 0 0 0 0 0 1 0 0 0 0 1
0 0 0 0 0 0 0 0 0 0 0 2 0 0 0 0 0 0 0 0 1
0 0 0 0 0 0 0 0 0 0 0 0 0 0 0 2 0 0 1 1 1
0 0 0 0 0 0 0 0 0 0 0 0 0 0 0 0 0 0 0 0 1
0 0 0 0 0 0 0 0 0 0 0 0 0 0 0 1 0 0 0 0 1
8 0 0 0 0 0 0 0 0 0 0 0 0 0 0 0 0 0 0 0 1
0 0 0 0 0 0 0 0 0 0 0 0 0 0 0 1 0 0 0 0 1
0 0 0 0 0 0 0 0 0 0 0 0 0 0 0 0 0 0 0 4 1
0 0 0 0 1 0 0 0 0 0 0 0 0 0 0 0 0 0 0 0 1
0 0 0 1 0 0 0 0 0 0 0 0 0 0 0 0 0 0 2 1 1
7 14 4 4 2 6 3 2 2 2 1 7 6 5 1 4 1 5 21 11 1
0 0 0 0 1 0 0 0 0 0 0 1 0 0 0 0 0 0 0 1 1
0 0 0 0 1 0 0 0 0 0 0 0 0 0 0 0 0 0 2 0 1
0 1 1 0 2 0 0 0 0 0 0 0 0 0 0 0 0 1 3 1 1
0 0 0 0 1 0 0 0 0 0 0 0 0 2 0 0 0 0 1 0 1
0 0 0 0 0 0 0 0 0 0 0 0 0 0 0 0 0 0 0 0 1
0 0 0 0 0 0 0 0 0 0 0 0 0 0 0 0 0 0 0 0 1
0 0 0 0 0 0 0 0 0 0 0 0 0 0 2 7 0 0 12 3 1
8 0 0 0 0 0 0 0 0 0 0 0 0 0 0 0 0 0 0 0 1
0 0 0 0 0 1 0 0 0 0 0 0 0 1 0 0 0 0 0 0 1
0 0 0 0 0 0 0 0 0 0 0 0 0 0 0 0 0 0 0 0 1
2 0 0 0 0 0 0 0 0 0 0 0 0 1 0 0 0 0 0 0 1
0 0 0 0 0 0 0 0 0 0 0 0 0 0 0 0 0 0 0 0 1
0 0 0 0 1 0 0 0 0 0 0 1 0 0 0 2 0 0 0 0 1
0 0 0 0 0 0 0 0 0 0 0 0 0 0 0 0 0 0 0 0 1
0 0 0 0 0 0 0 0 0 0 0 0 0 0 0 0 0 0 0 0 1
0 0 0 0 0 0 0 0 0 0 0 0 0 0 0 0 0 0 0 0 1
11 0 0 0 0 0 0 0 0 0 0 1 0 0 0 0 0 0 0 0 1
0 0 0 0 0 0 0 0 0 0 0 0 0 0 0 0 0 0 0 0 1
15 0 7 0 0 0 0 0 0 0 1 0 1 1 3 0 0 2 21 3 1
8 0 0 0 0 0 0 0 0 0 0 0 0 0 0 0 0 0 1 0 1
0 0 0 0 0 0 0 0 0 0 0 0 0 0 0 0 0 0 0 0 1
0 0 0 0 0 0 0 0 0 0 0 2 4 0 0 0 0 0 1 0 1
19 0 6 0 0 0 1 0 6 0 4 483 2 23 1 0 2 39 628 19 1
5 1 5 0 0 0 0 0 0 0 0 2 0 4 1 0 0 14 15 1 1
3 0 0 0 0 0 0 0 0 0 0 0 0 1 0 0 0 0 0 0 1
2 0 0 0 0 0 0 0 0 0 0 0 0 1 0 0 0 0 0 0 1
1 0 0 0 0 0 0 0 0 0 1 0 1 0 0 0 0 0 0 60 1
0 0 0 0 0 0 0 0 0 0 0 0 0 0 0 0 0 0 0 0 1
0 0 0 0 0 0 0 0 0 0 0 0 0 0 0 0 0 0 0 0 1
0 0 0 0 0 0 0 0 0 0 0 0 0 0 0 0 0 0 0 0 1
2 0 0 0 0 0 0 0 0 0 0 1 0 0 0 0 0 0 0 0 1
12 0 1 2 1 7 0 0 1 0 3 8 0 0 0 0 0 4 25 3 1
0 0 0 0 0 0 0 0 0 0 0 0 0 0 0 0 0 0 0 0 1
2 0 0 0 1 0 0 0 0 0 0 0 0 0 0 0 0 0 27 22 1
6 0 4 0 0 0 0 0 0 0 0 16 0 3 0 0 0 0 9 0 1
13 0 0 0 1 0 0 0 1 0 0 40 0 1 0 0 0 21 134 1 1
0 0 4 0 0 0 0 0 0 0 0 0 0 0 4 0 0 0 23 1 1
5 1 4 11 2 0 2 6 0 1 1 7 1 2 2 1 6 3 5 2 1
1 0 0 0 0 1 0 0 0 1 0 2 2 0 1 1 2 0 1 1 1
0 0 0 0 0 0 0 0 0 0 0 0 0 0 0 0 0 0 11 4 1
0 0 0 0 1 0 0 121 1 0 3 0 0 0 0 0 0 1 0 1 1
5 0 0 0 0 0 0 0 0 0 24 11 0 0 0 0 0 0 5 1 1
3 0 0 1 0 0 0 0 0 0 28 12 0 0 0 0 0 1 5 1 1
0 0 0 0 0 0 0 0 0 0 0 0 2 0 0 0 0 0 0 41 1
9 24 1 0 0 0 1 0 0 0 3 599 6 30 0 1 0 27 879 14 1
0 0 0 0 0 0 0 0 0 0 1 0 0 0 0 0 0 0 31 17 1
2 0 0 0 0 0 0 0 0 0 0 0 0 0 0 0 0 0 1 0 1
2 0 0 0 0 0 0 0 0 0 0 0 0 0 0 0 0 0 2 4 1
21 0 4 0 0 0 0 0 4 0 2 525 2 25 0 0 0 32 664 14 1
0 7 1 1 1 0 0 0 0 0 0 9 0 0 0 0 0 1 0 0 1
1 1 1 0 0 0 0 0 0 0 0 1 0 0 0 0 0 5 13 3 1
0 1 0 0 1 0 0 1 0 0 0 1 0 1 0 0 0 0 3 0 1
2 0 0 0 0 2 0 0 0 0 0 0 0 2 0 0 0 30 18 2 1
12 3 10 2 7 2 1 0 1 0 6 67 3 5 1 1 2 26 55 25 1
71 39 35 21 20 21 15 38 33 29 20 33 9 28 32 28 42 28 40 27 1
3 8 0 1 1 0 0 3 1 0 0 0 1 4 1 1 1 1 2 0 1
10 0 0 0 1 0 0 0 0 0 0 39 0 4 0 0 0 24 136 1 1
2 0 0 0 1 0 0 0 2 0 0 2 0 0 0 1 0 0 2 5 1
0 0 0 0 0 0 0 0 0 0 0 1 0 0 0 0 0 0 0 0 1
2 0 0 0 0 1 0 0 0 0 0 6 0 0 0 0 0 0 0 0 1
30 1 49 4 0 10 1 1 4 0 10 112 13 10 2 0 0 207 337 29 1
0 0 0 0 0 0 0 0 0 0 0 0 0 0 0 0 0 0 0 0 1
0 1 0 0 0 0 0 0 0 0 0 0 0 1 0 0 0 0 4 0 1
2 0 4 1 0 0 0 1 1 0 5 2 9 0 0 1 0 20 23 6 1
2 0 0 0 1 0 0 0 2 0 1 2 0 0 0 2 0 0 2 4 1
1 1 2 1 0 0 0 1 0 0 0 0 0 0 0 0 0 3 2 0 1
0 7 1 0 2 2 0 1 1 0 0 10 1 0 0 2 0 1 0 0 1
0 0 0 0 0 0 0 0 0 0 0 2 0 0 0 0 0 0 1 1 1
4 0 0 0 1 0 0 0 0 0 0 34 0 0 0 0 0 4 7 0 1
1 0 0 0 0 0 0 0 0 0 0 0 0 0 0 0 0 0 0 0 1
1 0 0 0 0 0 0 0 0 0 0 0 0 0 0 0 0 0 0 0 1
2 0 0 0 0 0 0 0 0 0 0 0 0 1 0 0 0 0 0 1 1
1 0 0 0 0 0 0 0 0 0 0 0 0 0 0 0 0 0 1 1 1
0 0 0 0 0 0 0 0 0 0 0 0 0 0 0 0 0 0 0 0 1
0 0 0 0 0 0 0 0 0 0 0 0 0 0 0 0 0 0 0 0 1
0 0 0 0 0 0 0 0 0 0 0 0 0 0 0 0 0 0 0 0 1
0 0 0 0 0 0 0 0 0 0 0 0 0 0 0 0 0 0 0 0 1
0 0 0 0 0 0 0 0 0 0 0 1 0 0 0 0 0 0 1 0 1
4 0 0 0 0 0 0 0 0 0 0 0 0 0 0 0 0 0 1 0 1
26 0 0 0 0 0 0 0 0 0 0 0 0 0 0 0 0 0 0 0 1
0 0 0 0 0 0 0 0 0 0 0 0 0 0 0 0 0 0 2 0 1
3 0 2 0 0 0 0 0 0 0 0 0 0 0 0 0 0 0 14 37 1
2 2 2 4 1 1 0 0 0 1 0 1 1 1 0 0 0 1 1 0 1
3 0 3 0 0 2 0 0 0 0 0 0 0 0 2 0 0 12 27 15 1
0 0 0 0 1 0 1 0 0 0 2 0 0 0 1 0 0 0 24 3 1
0 0 0 0 0 0 0 0 0 0 0 0 0 0 0 0 0 3 0 4 1
4 1 0 0 0 0 0 0 0 0 0 0 0 0 0 0 0 10 139 26 1
107 0 0 0 0 0 0 0 0 0 0 0 0 0 0 0 0 0 0 0 1
3 0 1 0 0 0 0 0 0 0 0 2 0 0 0 0 0 4 138 71 1
0 0 0 0 0 0 0 0 0 0 0 0 0 0 0 0 0 0 0 0 1
0 0 0 0 0 0 0 0 0 0 0 0 0 0 0 0 0 1 4 0 1
0 0 1 0 0 1 0 0 3 1 2 0 0 1 1 0 2 1 0 1 1
14 16 4 1 0 30 0 0 0 0 0 1 22 2 5 2 0 57 34 40 1
2 0 0 0 0 0 0 3 0 0 0 0 0 0 1 0 0 2 60 4 1
4 1 0 0 3 4 0 0 1 1 1 2 1 1 13 0 1 23 14 5 1
4 0 0 0 0 0 0 0 0 0 0 0 0 0 0 0 0 0 8 1 1
4 0 0 2 1 1 1 1 0 0 0 0 0 1 0 0 0 15 609 3 1
3 1 0 0 1 178 0 0 0 0 0 0 0 0 0 0 0 0 89 14 1
165 80 86 0 0 374 0 0 0 0 0 0 10 8 60 0 0 188 281 40 1
7 4 12 0 0 10 0 1 0 0 0 1 0 0 3 0 0 9 13 1 1
3 2 0 0 0 2 0 0 0 0 0 0 1 2 0 0 0 7 12 1 1
4 2 4 0 0 2 0 0 0 0 1 1 2 2 0 0 0 9 12 0 1
9 8 4 9 0 17 7 3 3 3 2 10 55 8 7 5 2 65 43 29 1
4 36 0 0 3 0 0 1 1 0 1 0 4 1 0 0 0 45 1 1 1
5 4 30 1 1 18 3 2 1 2 0 4 2 0 1 1 1 191 4 1 1
11 8 241 0 0 28 1 11 3 5 1 6 1 5 11 0 1 189 6 1 1
6 24 43 0 0 36 0 0 0 0 0 0 2 0 0 0 0 378 216 46 1
4 2 0 0 0 10 0 0 0 0 0 0 0 0 0 0 0 0 49 31 1
116 147 169 2 2 240 2 9 5 2 6 5 1 48 83 6 1 29 109 34 1
114 147 179 2 2 232 2 9 4 2 6 5 1 48 79 6 3 29 109 34 1
5 0 3 0 0 9 0 0 0 0 0 2 3 1 0 0 2 36 6 6 1
3 4 1 0 0 0 1 0 0 0 1 1 1 0 3 0 1 2 1 2 1
5 0 21 0 0 18 0 0 0 0 0 0 3 0 0 0 0 189 4 35 1
2 2 0 0 0 0 0 0 0 0 0 0 0 0 26 0 0 0 43 15 1
0 0 2 0 0 1 0 0 0 0 0 0 0 1 0 1 0 0 4 0 1
0 0 0 0 0 0 0 0 0 0 1 0 0 0 0 1 0 0 0 5 1
5 2 1 0 1 1 1 0 0 0 0 2 1 0 3 1 1 48 1 0 1
2 0 0 0 0 0 0 0 0 0 0 0 0 0 0 0 0 0 0 54 1
9 1 22 0 5 22 0 2 1 0 5 0 1 6 1 6 1 191 7 2 1
8 8 4 0 0 8 0 0 0 0 0 0 0 0 16 0 0 0 71 71 1
4 2 2 1 0 0 0 2 0 0 3 0 1 0 0 0 2 7 1 2 1
4 36 0 1 0 0 0 2 1 0 0 1 4 0 0 0 0 45 2 1 1
2 0 0 0 0 0 0 0 0 0 0 0 2 0 0 0 0 1 84 7 1
50 5 1 4 6 8 13 1 5 2 8 3 0 1 1 1 7 9 12 14 1
4 1 9 3 2 1 3 3 3 7 1 3 8 0 6 0 4 49 12 9 1
4 0 21 0 0 18 1 0 1 1 0 1 1 0 0 0 0 21 4 0 1
13 1 0 1 0 1 0 0 0 0 2 4 0 7 0 0 0 0 14 1 1
0 0 0 1 1 0 0 1 0 0 0 0 0 1 0 0 0 0 0 1 1
14 0 0 0 0 0 0 0 0 0 1 0 0 0 0 0 0 0 0 0 1
4 0 6 2 4 1 3 2 0 0 1 1 2 2 4 3 0 1 3 1 1
45 2 4 2 0 0 0 4 0 0 58 2 1 0 0 0 1 17 0 3 1
0 0 0 0 0 0 1 0 0 0 0 0 0 0 0 0 0 0 0 0 1
2 0 0 0 0 0 0 0 1 0 0 1 0 0 0 0 0 2 0 0 1
0 1 0 0 0 0 0 0 0 0 0 4 0 1 0 0 0 1 1 2 1
0 0 1 0 0 0 0 0 0 0 0 0 0 0 0 0 0 0 0 0 1
3 0 0 0 0 0 0 0 3 0 0 0 0 0 0 0 0 0 0 2 1
2 0 2 0 0 1 2 1 2 0 0 6 0 1 0 0 1 1 2 6 1
4 0 1 0 1 0 0 0 1 0 0 7 0 1 0 1 1 1 1 8 1
2 2 2 0 2 4 1 3 2 0 3 2 0 0 6 3 5 2 4 2 1
1 0 1 0 0 0 0 0 1 0 0 0 0 0 1 1 0 0 1 1 1
0 0 0 0 0 0 0 0 0 0 0 3 0 0 0 0 0 0 0 0 1
0 0 0 0 0 0 0 0 0 0 0 0 0 0 0 0 0 0 0 0 1
0 0 0 0 0 0 0 0 0 0 0 0 0 0 0 0 0 0 0 0 1
8 0 0 0 0 0 0 0 0 0 0 0 0 0 0 0 0 0 0 1 1
2 0 0 0 0 0 0 0 0 0 0 0 0 0 0 0 0 0 0 1 1
0 0 0 0 0 0 0 0 0 0 0 0 0 0 0 0 0 0 0 1 1
0 1 0 0 0 0 0 0 0 0 0 0 0 0 0 0 0 0 0 1 1
2 0 0 0 0 0 0 0 0 0 0 0 0 0 0 0 0 0 0 0 1
2 0 0 0 0 0 0 1 0 0 2 0 0 0 1 0 0 1 0 0 1
55 11 17 1 8 1 19 0 7 2 5 901 31 46 1 0 0 46 1497 42 1
17 6 16 9 11 9 7 9 12 9 8 12 9 12 8 10 3 13 11 11 1
0 1 1 0 0 0 0 2 0 0 0 0 0 1 0 0 0 0 0 1 1
0 3 3 0 3 0 0 2 3 1 1 3 1 1 0 1 1 3 1 1 1
11 8 6 2 1 10 0 9 1 0 1 5 2 3 1 0 3 34 8 11 1
18 0 0 0 0 0 1 8 2 0 0 139 1 3 0 0 0 7 381 5 1
0 0 0 0 0 0 0 0 0 0 0 1 0 0 0 5 0 0 0 0 1
7 1 0 0 0 0 2 1 1 0 0 17 2 2 0 1 1 9 41 2 1
17 0 0 0 0 0 1 0 0 0 0 47 0 1 0 0 0 7 108 5 1
1 0 0 0 0 0 0 0 0 0 0 2 0 0 0 0 0 1 1 1 1
3 1 1 0 1 1 0 0 2 1 3 2 0 2 1 3 2 1 1 1 1
0 1 1 0 0 1 1 5 0 0 2 0 0 0 1 0 0 0 2 1 1
1 0 1 0 0 1 0 0 0 0 0 1 2 2 0 0 0 0 2 2 1
1 8 0 1 2 1 0 0 1 0 1 10 1 3 0 2 4 2 3 3 1
0 0 0 1 0 0 0 0 0 0 0 0 0 1 1 0 0 0 0 0 1
0 0 0 1 0 0 0 0 0 0 0 0 0 0 0 0 0 0 0 1 1
12 10 18 11 7 7 7 8 11 15 13 28 13 13 9 11 13 23 26 8 1
40125 3 19 1 59 12670 2 2 13 2 2 0 1 0 5 0 2 3 35 25 1
0 0 0 0 0 0 0 0 0 0 0 0 0 0 0 0 0 2 3 0 1
0 2 0 0 1 2 0 0 0 0 0 0 0 0 1 0 0 0 0 0 1
0 2 0 1 1 3 0 0 2 2 1 1 0 5 3 2 2 3 5 5 1
0 0 0 0 0 0 0 0 0 0 157 7 0 0 0 0 0 0 6 1 0
1 0 1 0 0 0 0 0 0 0 41 2 0 0 0 0 0 0 5 1 0
1 0 1 0 0 0 0 0 0 0 269 6 0 0 0 0 0 2 11 1 0
1 0 4 0 0 0 0 0 0 0 0 2 0 0 0 0 0 1 9 1 0
1 0 0 0 0 0 0 0 0 0 21 1 0 0 0 0 0 0 5 1 0
0 0 0 0 0 0 0 0 0 0 149 9 0 0 0 0 0 1 6 1 0
0 0 0 0 0 0 0 0 0 0 267 14 0 0 0 0 0 0 7 1 0
8 0 4 0 0 2 2 0 1 1 0 29 76977 4 1 71243 71142 67 80 1 0
54 17 55 1 0 36 2 0 2 0 3 24 1 0 17 0 0 7 43 2 0
86 1 8 0 0 0 4 0 8 1 7 1063 53 6 3 0 0 20 371 67 0
43 1 322 2 0 0 0 0 0 0 1 414 20 3 3 1 0 24 228 11 0
59 4 11 3 4 3 3 2 3 3 11 127 5 3 5 3 5 35 63 54 0
168 9 242 1 3 20 1 3 0 2 1 180 6 4 5 2 0 33 70 13 0
83 2 4 1 1 0 2 0 2 1 1 238 1 1 2 0 1 29 194 34 0
92 2 175 1 0 0 0 0 0 0 1 205 2 2 2 1 1 16 105 1 0
84 0 4 0 0 0 2 0 1 1 0 26 1 1 2 0 1 11 98 1 0
80 0 4 0 0 0 1 0 0 1 0 28 1 1 2 0 2 1 25 1 0
81 1 67 0 0 0 0 0 0 0 0 41 2 1 2 0 1 9 47 1 0
84 1 4 1 0 0 2 0 3 2 1 121 1 2 3 0 1 15 142 3 0
80 0 4 0 0 0 1 0 0 1 0 28 1 2 2 0 1 1 25 1 0
53 1 328 3 0 4 0 1 0 0 3 431 28 7 15 0 0 126 568 14 0
2 0 6 0 0 0 0 0 0 0 1563 11 0 0 0 0 0 2 10 1 0
46 0 122 1 0 0 0 0 1 0 3 78 4 2 1 0 0 25 94 15 0
7 0 4 0 0 0 2 0 1 1 0 29 0 74754 1 0 0 69031 68993 32 0
4 1 22 0 0 1 0 1 0 0 0 17 306 0 2 0 0 300 643 7 0
4 1 22 0 0 3 0 0 31 0 0 16 2 1 2 0 0 109 47 428 0
2 0 11 0 1 0 0 0 1 0 1 13 0 0 0 1 0 1 2 0 0
102 20 113 3 0 14 1 1 2 1 0 54 2 4 7 2 0 20 47 15 0
44 4 25 0 1 11 0 1 0 0 0 0 18 0 44 0 0 0 0 20 0
12 10 18 8 4 22 6 12 10 4 7 6 5 48 9 8 4 94 59 5 0
7 8 28 0 0 6 1 2 54 0 9 16 98 534 9 4 0 1060 938 47 0
14 1 167 0 3 0 1 0 0 0 1 85 159 0 178 22 0 8 85 32 0
231 20 60 0 1 44 1 0 4 0 0 39 126 8 123 2 0 589 130 339 0
14 14 2 3 15 12 8 1 3 8 2 6 2 12 17 1 0 11 8 9 0
42 0 0 0 0 0 0 0 0 0 0 28 0 0 0 0 0 6 11 1 0
47 250 122 0 0 0 1 22 9 0 0 19 688 0 91 2 0 162 37 175 0
49 9 2 0 3 1 2 0 1 0 0 73 8 0 0 1 0 31 91 26 0
23 0 17 0 0 0 0 0 0 0 0 5 0 0 0 0 0 0 51 0 0
20 8 1 1 3 3 3 3 3 1 6 8 6 4 3 2 2 5 16 2 0
3 0 4 2 1 6 1 1 2 0 4 8 6 4 5 2 1 7 21 12 0
323 540 38 1 4 15 4 0 13 2 6 609 243 5 388 1 2 42 254 47 0
66 29 533 1 4 9 3 17 2 2 4 446 9 6 16 2 0 27 227 25 0
1 0 0 0 0 0 0 0 0 0 18 1 0 0 0 0 0 0 5 1 0
16 14 85 0 0 2 0 2 0 0 0 21 8 1 3 0 0 35 41 32 0
2 0 0 0 0 0 0 0 0 0 0 0 0 0 0 0 0 0 0 0 0
49 0 4 0 0 0 1 0 0 1 1 88 1 1 1 0 0 7 67 1 0
67 0 4 0 0 0 1 0 1 3 1 73 1 1 1 0 0 1 58 0 0
16 1 1055 12 2 0 0 37 2 1 10 459 61 5 1 2 0 11 286 13 0
1 0 0 0 0 0 0 0 0 0 21 1 0 0 0 0 0 0 5 1 0
2 0 4 0 0 0 0 0 0 0 0 9 0 0 0 0 0 0 1 0 0
5 0 0 0 0 0 0 0 0 0 0 6 0 1 0 0 0 5 16 4 0
37 0 1 0 0 0 0 0 0 0 0 0 0 0 1 0 1 0 0 0 0
36 20 340 13 7 18 7 8 5 14 15 338 8 13 14 14 5 25 102 22 0
2 0 5 0 0 0 0 0 0 0 0 9 1 0 0 0 0 0 1 0 0
1 0 4 0 0 0 0 0 0 0 0 2 0 0 0 0 0 1 9 1 0
3 1 392 0 0 0 0 0 0 0 0 11 0 0 0 0 0 0 174 5 0
127 12 2346 5 1 0 0 1 0 1 2 18 0 0 0 1 0 46 831 36 0
127 12 2427 0 0 0 0 0 0 0 3 19 0 1 0 1 1 49 872 38 0
3 1 19 0 0 0 0 0 0 0 0 20 0 0 0 0 0 3 3 5 0
28 2 10 1 2 0 0 0 0 2 0 16 0 0 2 0 0 25 592 88 0
28 2 6 2 2 0 0 0 0 2 0 12 0 0 2 0 0 6 589 88 0
2 1 168 1 0 0 0 0 0 0 0 11 0 0 0 0 0 2 18 6 0
3 0 12 0 0 0 0 0 0 0 0 10 0 0 0 0 0 4 7 0 0
58 0 296 36 0 0 1 0 0 0 5 514 3 3 1 0 0 22 213 6 0
2 0 3 0 0 0 0 0 0 0 0 9 0 0 0 0 0 0 0 0 0
4 0 17 0 0 0 0 0 0 0 0 47 0 0 0 0 0 0 11 1 0
1126 119 21919 218 219 33 51 143 130 26 212589 183854 171 82 98 69 34 5831 5879 2736 0
1419 90 25616 174 237 68 48 69 64 31 260669 245905 223 92 134 71 37 6892 6575 3906 0
37 0 1 0 0 0 0 0 0 0 0 0 0 0 1 0 1 0 0 0 0
6 0 8 0 0 0 2 0 0 0 1 21 0 0 0 0 0 6 35 1 0
6 0 44 0 0 0 0 0 0 0 0 20 1 1 0 0 0 16 48 3 0
6 0 8 0 0 0 2 0 0 0 1 21 0 0 0 0 0 6 35 1 0
1 0 4 0 0 0 0 0 0 0 0 2 0 0 0 0 0 1 9 1 0
1 0 4 0 0 0 0 0 0 0 0 2 0 0 0 0 0 1 9 1 0
1 0 4 0 0 0 0 0 0 0 0 2 0 0 0 0 0 1 9 1 0
1 0 4 0 0 0 0 0 0 0 0 2 0 0 0 0 0 1 9 1 0
6 0 44 0 0 0 0 0 0 0 0 20 1 1 0 0 0 16 48 3 0
1 0 4 0 0 0 0 0 0 0 0 2 0 0 0 0 0 1 9 1 0
1 0 4 0 0 0 0 0 0 0 0 2 0 0 0 0 0 1 9 1 0
1 0 4 0 0 0 0 0 0 0 0 2 0 0 0 0 0 1 9 1 0
1 0 4 0 0 0 0 0 0 0 0 2 0 0 0 0 0 1 9 1 0
1 0 4 0 0 0 0 0 0 0 0 2 0 0 0 0 0 1 9 1 0
6 0 44 0 0 0 0 0 0 0 0 20 1 1 0 0 0 16 48 3 0
10 0 59 0 0 30 1 0 0 0 0 8 6 0 16 0 0 43 59 33 0
10 0 59 0 0 30 1 0 0 0 0 8 6 0 16 0 0 43 59 33 0
1 0 4 0 0 0 0 0 0 0 0 2 0 0 0 0 0 1 9 1 0
10 0 59 0 0 30 1 0 0 0 0 8 6 0 16 0 0 43 59 33 0
32 1 58 1 0 0 0 2 2 0 45 261 0 0 0 1 0 4 18 1 0
36 0 3 0 0 0 0 0 0 0 0 3 0 0 1 0 1 0 4 0 0
2 1 22 0 0 0 0 0 0 0 0 9 0 0 0 0 0 0 5 0 0
15 3 272 1 2 3 2 0 2 0 5 231 0 1 6 1 0 24 51 9 0
25 0 8 0 0 0 0 0 0 0 0 12 0 0 0 0 0 0 1 0 0
2 0 0 1 0 0 0 0 0 0 21 3 0 0 0 0 0 1 5 1 0
2 0 4 0 0 0 0 0 0 0 0 9 0 0 0 0 0 0 2 0 0
2 0 8 0 0 0 0 0 0 0 0 44 0 0 0 0 0 1 3 1 0
8 0 8 0 0 0 0 0 0 0 1 20 0 0 1 0 0 5 27 2 0
6 0 39 0 0 0 0 0 0 0 0 11 1 1 1 0 0 10 38 1 0
2 0 3 0 0 0 0 0 0 0 0 9 0 0 0 0 0 0 0 0 0
29 2 55 2 2 0 0 1 0 2 1 15 0 0 10 0 0 7 601 89 0
15 3 150 1 0 0 0 0 0 0 0 181 0 0 0 0 0 5 19 3 0
6 2 134 0 2 0 0 1 0 0 0 134 0 0 0 0 0 3 16 5 0
36 2 19 1 2 0 0 0 0 2 0 14 0 0 3 0 0 8 593 88 0
63 0 0 0 0 1 1 0 4 0 1 74 1 0 0 0 0 11 12 8 0
47 0 27 0 12 0 2 0 1 4 0 32 18 2 1 0 2 19 97 46316 0
36 1 1 0 0 0 0 0 0 0 0 0 0 0 3 0 1 0 0 0 0
10 0 59 0 0 30 1 0 0 0 0 8 6 0 16 0 0 43 59 33 0
4 1 22 0 21 0 0 2 0 1 1 16 12 0 2 0 1 15 143 46465 0
6 1 3 0 0 0 0 0 0 0 0 10 0 0 0 0 0 1 1 0 0
2 1 6 0 0 0 0 0 0 0 0 10 0 0 0 0 0 0 1 0 0
2 0 3 0 0 0 0 0 0 0 0 9 0 0 0 0 0 0 0 0 0
89 0 71 3 0 2 1 4 1 0 2 36 0 2 4 0 0 71 114 7 0
1 0 4 0 0 0 0 0 0 0 0 2 0 0 0 0 0 1 9 1 0
1 0 4 0 0 0 0 0 0 0 0 2 0 0 0 0 0 1 9 1 0
1 0 4 0 0 0 0 0 0 0 0 2 0 0 0 0 0 1 9 1 0
1 0 4 0 0 0 0 0 0 0 0 2 0 0 0 0 0 1 9 1 0
10 0 59 0 0 30 1 0 0 0 0 8 6 0 16 0 0 43 59 33 0
45 0 11 0 0 0 1 0 1 0 0 30 3 0 1 0 1 2 27 2 0
39 0 43 0 0 0 0 0 0 0 0 15 0 0 1 0 1 10 21 1 0
2 0 6 0 0 0 0 0 0 0 0 9 0 0 0 0 0 0 2 0 0
2 1 13 0 0 0 0 3 0 0 0 9 0 0 0 0 0 0 0 0 0
2 1 4 0 0 0 0 0 0 0 0 9 0 0 0 0 0 0 0 0 0
38 0 4 0 0 0 3 0 1 1 1 78 0 1 1 0 0 12 56 3 0
36 0 51 0 0 0 1 0 0 0 1 56 2 0 1 1 0 2 52 1 0
3 0 3 0 0 0 1 0 0 0 0 11 1 0 2 0 0 0 1 1 0
3 0 4 0 0 0 0 1 1 0 0 10 1 0 0 0 0 1 0 0 0
6 0 8 0 0 0 2 0 0 0 1 23 0 0 0 0 0 6 34 1 0
6 0 43 0 0 1 0 0 0 0 0 21 1 1 0 0 0 15 48 3 0
6 0 8 0 0 0 2 0 0 0 1 23 0 0 0 0 0 6 34 1 0
3 0 3 0 0 0 1 0 0 0 0 11 1 0 2 0 0 0 1 1 0
4 0 6 0 0 0 0 1 0 0 0 12 0 0 0 0 0 0 1 0 0
2 0 15 0 0 0 0 0 0 0 0 9 0 0 0 0 0 3 10 0 0
2 1 2 0 0 0 0 0 0 0 3 9 0 0 0 0 0 0 0 0 0
9 7 948 24 1 1 2 3 1 1 10 740 0 2 2 3 0 459 914 10 0
3 16 938 15 0 0 3 3 1 10 5 661 0 3 2 2 1 519 898 14 0
2 1 4 0 0 0 0 0 0 0 2 9 0 0 0 0 0 0 1 0 0
7 13 1017 24 1 1 2 3 4 2 8 892 3 5 2 3 1 443 939 12 0
14 1 28 0 0 0 0 0 0 0 2 34 0 0 0 0 2 0 5 0 0
22 12 1043 20 0 0 4 3 3 2 8 987 17 7 4 3 2 573 944 11 0
5 19 948 22 1 1 4 4 1 3 7 744 4 6 4 4 1 537 915 13 0
4 20 955 33 0 1 1 7 3 5 43 749 14 7 3 1 2 611 909 11 0
6 12 935 23 0 2 1 3 1 1 6 717 1 7 1 2 0 487 905 12 0
2 1 17 0 0 0 0 0 0 0 3 30 0 0 0 0 0 1 2 0 0
6 13 995 20 1 3 6 6 3 3 9 942 13 6 1 3 2 508 936 9 0
3 22 940 21 2 3 3 7 2 1 11 728 1 6 1 1 3 586 917 13 0
2 1 21 0 0 0 0 0 0 0 2 24 0 0 0 1 0 0 9 0 0
7 11 1001 20 1 2 4 4 2 1 8 926 12 7 3 4 3 568 954 13 0
8 19 926 33 0 2 2 7 3 1 6 662 2 3 1 2 0 450 875 18 0
36 0 1 0 0 0 0 0 0 0 0 0 0 0 1 0 1 0 0 0 0
48 1 1 4 1 0 1 0 2 0 3 152 1 0 0 0 0 9 31 37 0
12 5 175 2 0 0 0 1 1 0 0 294 2 0 2 1 1 8 68 5 0
2 0 7 0 0 0 0 0 0 0 0 0 0 0 0 0 0 1 6 0 0
37 0 1 0 0 0 0 0 0 0 0 0 0 0 1 0 1 0 0 0 0
33 0 4 0 0 0 2 0 2 1 1 43 0 1 1 0 0 3 35 0 0
34 0 38 0 0 0 0 0 0 0 1 28 2 0 1 0 0 4 35 0 0
1 0 4 0 0 0 0 0 0 0 0 2 0 0 0 0 0 1 9 1 0
1 0 4 0 0 0 0 0 0 0 0 2 0 0 0 0 0 1 9 1 0
1 0 4 0 0 0 0 0 0 0 0 2 0 0 0 0 0 1 9 1 0
1 0 4 0 0 0 0 0 0 0 0 2 0 0 0 0 0 1 9 1 0
31 0 12 0 0 0 0 1 0 0 0 8 0 0 0 0 0 0 2 0 0
39 0 1 0 0 0 0 0 0 0 0 0 0 0 1 0 1 0 0 0 0
37 0 1 0 0 0 0 0 0 0 0 0 0 0 3 0 1 0 0 0 0
33 0 1 0 0 0 0 0 0 0 0 0 0 0 0 0 0 0 0 0 0
43 52 90 0 0 1 1 0 0 0 0 77 2 0 2 0 0 122 132 3 0
37 1 1 0 0 0 0 0 0 0 0 0 0 0 3 0 1 0 0 0 0
36 52 30 0 0 0 0 0 0 0 0 2 1 0 2 0 0 112 77 0 0
36 1 1 0 0 0 0 0 0 0 0 0 0 0 3 0 1 0 0 0 0
38 1 1 0 0 0 0 0 0 0 0 0 0 0 3 0 1 0 0 0 0
36 1 1 0 0 0 0 0 0 0 0 0 0 0 3 0 1 0 0 0 0
42 52 89 0 0 1 1 0 0 1 0 78 3 0 2 0 0 122 132 9 0
41 52 132 0 0 0 1 0 0 0 0 25 4 0 3 0 0 114 153 4 0
37 0 1 0 0 0 0 0 0 0 0 0 0 0 1 0 1 0 0 0 0
37 0 1 0 0 0 0 0 0 0 0 1 0 0 1 0 1 0 0 0 0
36 0 1 0 0 0 0 0 0 0 0 0 0 0 1 0 1 0 0 0 0
36 1 1 0 0 0 0 0 0 0 0 0 0 0 3 0 1 0 0 0 0
37 0 1 0 0 0 0 0 0 0 0 0 0 0 1 0 1 0 0 0 0
36 0 1 0 0 0 0 0 0 0 0 0 0 1 1 0 1 0 0 0 0
34 0 1 0 0 0 0 0 0 0 0 0 0 0 2 0 0 0 0 0 0
2 0 5 0 0 0 0 1 0 0 0 19 0 0 2 0 0 3 8 0 0
37 0 61 0 0 0 1 0 0 0 14 34 2 1 0 0 0 18 15 3 0
2 0 9 0 0 0 0 0 0 0 0 46 0 0 0 1 0 0 4 1 0
37 0 1 0 0 0 0 0 1 0 0 0 0 0 1 0 1 0 0 0 0
36 1 1 0 0 0 0 0 0 0 0 0 0 0 1 0 1 0 0 0 0
36 0 1 0 0 0 0 0 0 0 0 0 0 0 1 0 1 0 0 0 0
38 0 1 0 0 0 0 0 0 0 0 0 0 0 1 0 1 0 0 0 0
37 0 1 0 0 0 0 0 0 0 0 0 0 0 1 0 1 0 0 0 0
37 0 1 0 0 0 0 0 0 0 0 0 0 0 1 0 1 0 0 0 0
1 0 4 0 0 0 0 0 0 0 0 2 0 0 0 0 0 1 9 1 0
1 0 4 0 0 0 0 0 0 0 0 2 0 0 0 0 0 1 9 1 0
1 0 4 0 0 0 0 0 0 0 0 2 0 0 0 0 0 1 9 1 0
1 0 4 0 0 0 0 0 0 0 0 2 0 0 0 0 0 1 9 1 0
1 0 4 0 0 0 0 0 0 0 0 2 0 0 0 0 0 1 9 1 0
2 0 7 0 0 0 0 0 0 0 0 0 0 0 0 0 0 1 6 0 0
2 0 7 0 0 0 0 0 0 0 0 0 0 0 0 0 0 1 6 0 0
10 0 27 0 0 0 1 1 0 0 1 65 1 2 1 0 0 6 39 6 0
33 0 1 0 0 0 0 0 0 0 0 0 0 0 2 0 0 0 0 0 0
26 3 7 1 1 0 0 2 2 3 75 0 0 0 0 3 0 1 2 0 0
33 0 1 0 0 0 0 0 0 0 0 0 0 0 2 0 0 0 0 0 0
33 0 1 0 0 0 0 0 0 0 0 0 0 0 2 0 0 0 0 0 0
2 1 4 0 0 0 0 0 0 0 0 9 0 0 0 0 0 0 0 0 0
33 0 1 0 0 0 0 0 0 0 0 0 0 0 2 0 0 0 0 0 0
2 1 20 0 0 0 0 0 0 0 0 9 0 0 0 0 0 0 1 0 0
2 0 7 0 0 0 0 0 0 0 0 0 0 0 0 0 0 1 6 0 0
38 1 141 1 1 0 0 0 0 0 0 359 1 0 16 0 0 3 24 6 0
26 2 4 1 0 0 0 0 0 0 76 1 0 0 0 2 0 0 2 0 0
6 0 0 0 0 0 0 0 0 0 7 0 0 0 0 0 0 0 0 0 0
6 6 9 0 0 56 15 2 0 1 1 17 204 12 2 11 0 272 89 343 0
9 0 21 1 3 0 0 0 0 0 8 43 0 2 0 0 0 42 57 2 0
1 0 2 0 0 0 0 0 0 0 0 0 0 0 0 0 0 0 1 0 0
1 0 2 0 0 0 0 0 0 0 0 4 0 0 0 0 0 2 2 1 0
59 8 723 33 1 0 0 1 3 3 13 1339 7 1 20 4 1 30 84 22 0
2 0 5 0 0 0 0 0 0 0 0 8 0 0 0 0 0 0 3 0 0
2 0 7 0 0 0 0 0 0 0 0 0 0 0 0 0 0 1 6 0 0
91 3 7 1 1 7 3 5 0 7 4 577 901 3 9 1 0 143 1003 113 0
3 0 24 0 0 0 0 0 0 0 0 44 0 1 0 0 0 20 16 0 0
25 2 2 1 0 0 0 0 84 0 70 8 0 0 3 3 0 1 3 0 0
3 0 70 1 0 0 0 0 0 0 0 108 0 0 1 0 0 7 35 5 0
1 0 0 0 0 0 0 0 0 0 21 1 0 0 0 0 0 0 5 1 0
2 0 5 0 0 0 0 0 0 0 0 8 0 0 0 0 0 0 6 0 0
44 1 267 0 1 0 0 1 0 0 11 606 1 0 16 1 0 4 45 21 0
29 0 45 0 1 0 0 0 0 0 4 166 0 1 1 0 0 17 30 55 0
13 2 2 12 0 0 0 0 0 0 58 0 0 0 0 1 0 0 4 0 0
2 0 7 0 0 0 0 0 0 0 0 0 0 0 0 0 0 1 6 0 0
46 2 431 1 1 0 0 1 0 0 20 1173 23 1 17 2 0 13 76 27 0
47 0 27 0 12 0 2 0 1 4 0 32 14 2 1 0 2 25 95 46061 0
4 0 0 0 0 0 0 0 0 0 0 0 0 0 0 0 0 0 0 0 0
3 0 0 0 0 0 0 0 0 0 0 0 0 0 0 0 0 0 0 0 0
11 1 0 0 2 0 0 3 4 0 0 0 10 0 0 0 0 18 29 347 0
47 0 27 0 12 0 2 0 1 4 0 32 14 2 1 0 2 25 95 46061 0
2 1 36 0 0 0 0 0 0 0 1 18 0 0 0 0 0 7 30 3 0
2 1 3 0 0 0 0 0 0 0 0 17 0 0 3 0 0 2 2 0 0
2 1 16 0 0 0 0 0 0 0 0 17 0 0 0 0 0 0 3 0 0
2 1 84 0 0 0 0 0 0 0 0 100 0 0 0 1 0 1 34 0 0
3 0 5 0 0 0 0 1 0 0 1 4 0 0 0 0 0 8 18 0 0
2 1 56 0 0 0 0 0 0 0 0 9 0 0 0 0 0 2 3 6 0
2 0 4 0 0 0 0 0 0 0 0 15 1 0 0 0 0 6 8 0 0
50 85 42 10 6 6 9 2 9 2 16 382 56 2 11 6 0 24 180 61 0
2 0 7 0 0 0 0 0 0 0 0 0 0 0 0 0 0 1 6 0 0
28 2 7 2 2 0 0 0 0 2 1 12 0 0 2 0 0 6 588 88 0
37 0 212 4 1 0 0 0 0 2 199 301 943 0 2 1 1 37 83 38 0
25 2 2 1 0 0 0 1 0 0 68 1 0 0 1 1 0 0 1 0 0
31 4 123 15 3 4 1 0 1 2 4 323 4 2 5 1 0 93 71 9 0
2 1 4 0 0 0 0 0 0 0 0 9 0 0 1 0 0 0 1 0 0
3 0 12 0 0 0 0 0 0 0 0 34 1 0 0 0 0 6 21 52 0
4 0 3 0 0 0 0 0 0 0 0 8 0 0 0 0 0 1 4 0 0
24 2 5 2 0 0 0 0 0 0 70 1 0 0 0 1 0 3 4 0 0
3 0 3 0 0 0 0 0 0 0 0 8 0 0 1 0 0 0 6 0 0
24 2 4 1 0 0 0 0 0 0 71 1 0 0 2 2 0 5 1 1 0
2 0 4 1 0 0 0 0 0 0 0 8 0 0 0 0 0 0 11 0 0
25 0 33 0 0 0 0 0 0 0 0 13 0 0 0 0 0 1 4 1 0
13 5 436 8 0 0 0 1 1 0 9 581 1 1 3 4 1 22 165 16 0
37 5 2 1 0 0 0 0 0 0 90 8 0 0 3 3 0 1 1 0 0
1 0 2 0 0 0 0 1 0 0 0 1 1 0 0 0 0 6 3 0 0
2 1 6 0 0 0 0 0 0 0 0 9 0 0 0 0 0 0 1 0 0
2 0 3 0 0 0 0 0 0 0 0 4 0 0 0 0 0 0 1 0 0
2 0 4 0 0 0 0 0 0 0 0 2 0 0 0 0 0 0 3 0 0
3 0 7 0 0 0 0 0 0 0 0 0 0 0 0 0 0 0 2 0 0
3 0 4 1 0 0 0 0 0 0 0 2 0 0 0 0 0 0 4 0 0
2 0 4 0 0 0 0 0 0 0 0 2 0 0 0 0 0 0 3 0 0
2 0 3 0 0 0 0 0 0 0 0 2 0 0 0 0 0 0 3 0 0
2 0 3 0 0 0 0 0 0 0 0 0 0 0 0 0 0 1 2 0 0
2 0 5 0 0 0 0 0 0 0 0 4 0 0 0 0 0 6 6 0 0
3 0 17 1 0 0 0 0 1 0 0 27 2 0 6 0 0 6 5 0 0
2 0 66 0 0 0 0 0 0 0 0 47 1 0 0 0 0 6 20 4 0
2 0 6 0 0 0 0 0 0 0 0 5 1 1 0 0 0 7 1 0 0
3 0 10 0 0 0 0 0 0 0 0 6 0 0 0 0 1 5 9 0 0
3 0 6 0 0 0 0 0 0 0 0 6 0 0 0 0 0 1 3 0 0
2 0 4 0 0 0 0 0 0 0 0 2 0 0 0 0 0 0 2 0 0
2 0 7 0 0 0 0 0 0 0 0 0 0 0 0 0 0 1 6 0 0
2 1 47 0 0 0 0 0 0 0 0 98 1 1 2 0 0 14 35 0 0
7 0 80 0 0 0 2 0 0 0 1 421 0 2 0 0 0 21 102 4 0
36 1 1 0 0 0 0 0 0 0 0 0 0 0 1 0 1 0 0 0 0
2 0 7 0 0 0 0 0 0 0 0 0 0 0 0 0 0 1 6 0 0
1 0 3 0 0 0 0 0 0 0 1 3 0 0 0 0 0 0 5 0 0
1 0 2 0 0 0 0 0 0 0 0 0 0 0 0 0 0 0 2 0 0
1 0 2 0 0 0 0 0 0 0 1 3 0 0 0 0 0 0 4 0 0
5 0 10 0 0 0 0 0 0 0 1 34 0 0 0 2 0 1 4 0 0
2 0 4 0 0 0 0 0 0 0 0 8 0 0 1 0 0 0 4 0 0
2 0 62 1 1 0 0 0 0 1 0 56 1 0 1 0 0 2 20 2 0
2 0 6 0 0 0 0 0 0 0 0 8 3 0 0 0 0 0 5 0 0
10 0 59 0 0 30 1 0 0 0 0 8 6 0 16 0 0 43 59 33 0
2 0 7 0 0 0 0 0 0 0 0 0 0 0 0 0 0 1 6 0 0
61 0 418 7 1 1 1 0 0 0 5 928 5 5 1 0 0 20 266 10 0
2 0 4 0 0 0 0 0 0 0 0 10 0 0 1 0 0 0 5 0 0
1 0 4 0 0 0 0 0 0 0 0 2 0 0 0 0 0 1 9 1 0
24 0 5 0 0 0 0 0 0 0 1 18 2 1 2 0 0 5 10 0 0
63 0 0 0 0 0 0 0 0 0 0 28 0 0 0 0 0 3 2 0 0
8 0 20 0 0 0 0 0 0 0 0 35 26 0 2 0 0 8 20 0 0
19 2 219 4 5 0 2 1 2 2 44 56 0 0 4 0 1 12 56 7 0
33 0 1 0 0 0 0 0 0 0 0 0 0 0 0 0 0 0 0 0 0
3 0 4 0 0 0 0 0 0 0 0 20 0 0 1 0 0 0 6 0 0
36 0 1 0 0 0 0 0 0 0 0 0 0 0 0 0 0 0 0 0 0
2 1 3 0 0 0 0 0 0 0 0 10 0 0 0 0 0 0 0 0 0
27 3 3 1 0 0 0 0 0 0 69 0 0 0 3 3 0 9 4 1 0
2 0 5 0 0 0 0 0 0 0 0 9 0 0 0 0 0 1 5 0 0
7 1 65 0 0 0 0 0 0 0 2 160 0 1 8 0 0 24 116 3 0
2 1 4 0 0 0 0 0 0 0 0 11 0 0 0 0 0 1 7 0 0
93 65 51 57 46 48 33 45 40 49 54 41 192 30 34 31 47 608 247 264 0
1 0 2 0 0 0 0 0 0 0 0 0 0 0 0 0 0 0 1 0 0
1 0 2 0 0 0 0 0 0 0 0 0 0 0 0 0 0 0 1 0 0
1 0 10 0 0 0 0 0 0 0 1 17 0 0 0 0 0 3 14 2 0
1 0 10 0 0 0 0 0 0 0 1 17 0 0 0 0 0 3 14 2 0
2 0 5 0 0 0 0 0 0 0 0 11 0 0 0 0 0 0 5 0 0
2 0 7 0 0 0 0 0 0 0 0 0 0 0 0 0 0 1 6 0 0
1 0 4 0 0 0 0 0 0 0 0 2 0 0 0 0 0 1 9 1 0
1 0 3 1 0 0 0 0 0 0 0 3 0 0 0 0 0 0 3 0 0
13 2 2 1 0 0 0 0 0 0 66 2 0 0 0 1 0 0 1 0 0
1 0 4 0 0 0 0 0 0 0 0 0 0 0 0 0 0 0 3 0 0
2 1 2 0 0 0 0 0 0 0 0 9 0 0 0 0 0 0 0 0 0
2 1 17 0 0 0 0 0 0 0 3 12 0 0 0 1 0 1 10 1 0
33 1 1 0 0 0 0 0 0 0 0 0 0 0 0 0 0 0 0 0 0
2 1 10 0 1 0 0 0 0 1 0 32 2 0 3 0 1 30 9 0 0
2 0 3 0 0 0 0 0 0 0 0 12 0 0 0 0 0 1 6 0 0
2 0 38 0 2 0 0 0 0 0 0 31 25 0 0 0 0 7 13 0 0
219 17 1664 10 1 2 1 24 12 1 72 1810 7 13 45 13 0 1049 688 25 0
20 2 3 1 0 0 0 1 0 0 70 0 0 0 0 1 0 0 2 1 0
1 0 6 0 0 0 0 0 0 0 0 5 0 0 0 0 0 0 4 0 0
2 0 7 0 0 0 0 0 0 0 0 0 0 0 0 0 0 1 6 0 0
3 0 81 1 0 0 0 0 1 2 1 102 0 0 1 0 0 2 34 2 0
2 0 7 0 0 0 0 0 0 0 0 9 15 0 0 0 0 2 6 0 0
1 0 4 0 0 0 0 0 0 0 0 2 0 0 0 0 0 1 9 1 0
2 0 7 0 0 0 0 0 0 0 0 0 0 0 0 0 0 1 6 0 0
1 0 4 0 0 0 0 0 0 0 0 2 0 0 0 0 0 1 9 1 0
2 0 7 0 0 0 0 0 0 0 0 0 0 0 0 0 0 1 6 0 0
10 0 59 0 0 30 1 0 0 0 0 8 6 0 16 0 0 43 59 33 0
1 0 4 0 0 0 0 0 0 0 0 2 0 0 0 0 0 1 9 1 0
21 27 11 0 0 2 0 0 1 0 1 0 3 0 4 0 0 27 3 35 0
3 0 5 0 0 0 0 0 0 0 0 12 0 0 0 0 0 0 0 0 0
21 27 11 0 0 2 0 0 1 0 1 0 3 0 4 0 0 25 3 35 0
74 13 1086 8 2 1 1 3 1 0 61 1847 13 11 21 5 2 161 530 54 0
8 1 18 0 0 0 0 0 0 0 6 43 0 0 0 0 0 2 2 0 0
10 2 776 9 2 1 0 1 0 0 1 594 24 1 1 3 0 31 167 10 0
10 1 58 0 0 0 0 0 0 0 3 34 0 0 0 1 0 3 7 0 0
9 1 95 1 0 1 0 0 1 0 1 370 22 0 1 0 0 5 10 1 0
5 1 48 0 0 0 0 0 0 0 0 243 22 0 1 0 0 3 3 1 0
7 1 39 0 0 0 0 0 0 1 0 76 22 0 1 0 0 4 3 0 0
3 1 67 0 0 0 0 0 0 1 0 144 0 0 0 0 0 4 4 3 0
9 1 83 0 1 0 0 0 0 0 0 131 0 0 1 0 0 5 8 2 0
5 1 10 0 0 0 0 0 0 0 0 56 0 0 0 0 0 1 2 0 0
2 1 3 0 0 0 0 0 0 0 0 9 0 0 0 0 0 0 0 0 0
14 2 190 0 1 1 0 0 1 0 0 290 0 1 2 2 0 7 46 5 0
7 5 30 0 0 0 0 0 0 0 0 60 0 0 0 0 0 0 2 3 0
4 1 16 0 0 0 1 0 0 0 1 48 0 0 0 0 0 3 2 0 0
6 1 8 0 1 0 0 0 0 0 0 33 0 0 0 0 0 2 1 2 0
5 1 12 0 0 0 0 1 0 0 0 19 0 0 0 0 0 19 1 0 0
26 2 55 1 3 0 0 0 0 2 2 15 0 0 9 0 0 10 597 89 0
2 0 4 0 0 0 0 0 0 0 0 10 0 0 0 0 0 0 5 0 0
0 0 0 0 0 0 0 0 0 0 0 0 0 0 0 0 0 0 0 0 0
2 0 19 0 0 0 0 0 0 0 0 30 0 0 0 0 0 0 5 0 0
4 0 19 0 0 0 0 0 0 1 1 44 0 0 0 0 0 0 4 0 0
7 0 413 0 0 0 1 2 0 1 67 528 0 6 1 0 0 51 141 109 0
3 0 3 0 0 0 0 0 0 0 0 0 0 0 0 0 0 0 4 0 0
27 2 3 1 0 0 0 0 1 0 70 8 0 1 2 3 0 0 3 0 0
26 2 7 1 2 0 0 1 0 2 0 12 0 0 2 0 1 6 588 88 0
51 0 3 0 0 0 0 0 1 0 0 17 0 1 0 0 0 0 3 1 0
42 0 18 0 0 0 0 0 2 0 0 15 2 0 1 0 1 3 30 2 0
2 0 29 0 0 0 0 0 0 1 0 41 0 1 0 0 0 6 16 0 0
3 0 13 0 0 0 0 0 0 0 0 33 0 0 0 0 0 5 16 0 0
36 0 1 0 0 0 0 0 0 0 0 0 0 0 1 0 1 0 0 0 0
33 0 1 0 0 0 0 0 0 0 0 0 0 0 0 0 0 0 0 0 0
33 0 1 0 0 0 0 0 0 0 0 0 0 0 0 0 0 0 0 0 0
7 0 80 0 0 0 2 0 0 0 1 421 0 2 0 0 0 21 102 4 0
2 0 7 0 0 0 0 0 0 0 0 0 0 0 0 0 0 1 6 0 0
2 0 3 0 0 0 0 0 0 0 0 8 0 0 0 0 0 1 3 0 0
41 0 4 0 0 0 1 1 2 1 1 99 2 1 2 0 1 7 66 2 0
71 8 782 59 3 2 3 9 3 4 24 1466 29 7 11 7 2 522 820 79 0
71 8 782 59 3 2 3 9 3 4 24 1466 29 7 11 7 2 522 820 79 0
2 0 7 0 0 0 0 0 0 0 0 0 0 0 0 0 0 1 6 0 0
36 0 1 0 0 0 0 0 0 0 0 0 0 0 1 0 1 0 0 0 0
11 0 48 0 0 0 0 0 0 0 3 20 0 0 0 0 0 8 80 2 0
2 0 7 0 0 0 0 0 0 0 0 0 0 0 0 0 0 1 6 0 0
2 0 18 0 0 0 0 0 0 0 1 43 0 0 0 0 0 5 8 1 0
3 0 85 1 0 0 0 0 0 0 0 76 0 0 0 0 0 11 42 83 0
2 0 17 0 0 0 0 0 0 0 0 43 0 0 0 0 0 7 15 0 0
37 1 1 0 0 0 0 0 0 0 0 0 0 0 1 0 1 0 0 0 0
33 1 1 0 0 1 0 0 0 0 0 0 0 0 0 0 0 0 0 0 0
15 2 2 1 0 0 0 0 0 0 58 5 0 0 0 1 0 0 5 0 0
15 2 2 1 0 0 0 0 0 0 58 0 0 0 0 1 0 0 1 0 0
1 0 2 0 0 0 0 0 0 0 0 5 0 0 1 0 0 0 9 0 0
12 0 53 0 0 0 0 0 0 0 3 29 1 0 0 2 0 12 89 2 0
41 19 180 38 12 3 17 16 22 8 42 575 44 12 24 16 4 94 395 40 0
2 0 4 0 0 0 0 0 0 0 0 15 0 0 0 0 0 7 11 1 0
2 0 4 0 0 0 0 1 0 0 0 15 0 0 0 0 0 6 8 1 0
2 0 4 0 0 0 0 1 0 0 0 15 1 0 0 0 0 6 8 1 0
2 0 12 0 1 0 0 0 0 0 0 15 0 0 0 0 0 6 11 1 0
2 0 12 0 1 0 0 0 0 0 0 15 0 0 0 0 0 6 11 1 0
2 0 6 0 0 0 0 0 0 0 0 11 0 0 1 0 0 19 10 0 0
2 0 24 0 0 0 0 0 0 0 0 25 25 0 1 0 0 1 5 0 0
2 1 3 0 0 0 0 0 0 0 0 9 0 0 0 0 0 1 0 0 0
124 5 1887 10 15 3 16 9 5 2 377 2188 276 9 9 8 3 677 2073 38 0
20 9 151 4 4 0 0 2 0 0 0 71 1 0 1 2 0 114 54 4 0
1 0 4 0 0 0 0 0 0 0 0 2 0 0 0 0 0 1 9 1 0
5 0 4 0 0 2 2 1 15 1 0 31 19 2 1 1 0 7 278 15 0
2 0 5 0 0 0 0 0 0 0 0 11 0 0 0 0 0 1 8 0 0
2 0 39 0 0 0 0 0 0 0 0 50 0 2 1 0 0 4 30 48 0
7 1 13 0 0 0 0 0 0 0 0 12 15 0 6 0 0 4 10 1 0
15 2 2120 4 11 0 3 3 1 0 38 31 2 1 11 0 0 24 583 15 0
18 1 92 1 0 0 0 2 0 2 7 44 3 1 0 0 1 16 211 8 0
24 0 77 0 0 0 0 2 0 1 6 37 1 1 0 0 0 12 149 3 0
27 0 147 0 0 0 0 1 1 1 16 81 3 1 0 0 1 17 213 4 0
56 0 132 0 0 0 1 2 1 1 14 46 4 1 1 0 0 12 223 5 0
2 0 5 0 1 0 0 0 0 0 0 0 0 0 0 0 0 7 5 0 0
198 0 222 0 0 0 2 2 1 2 21 102 8 1 0 1 1 34 350 20 0
282 0 240 2 1 0 0 2 1 1 16 150 8 4 0 0 0 39 322 16 0
83 3 3 1 0 0 0 0 0 0 63 2 0 0 0 2 1 0 2 0 0
32 1 67 0 0 0 0 0 0 0 0 0 0 0 0 0 0 6 11 0 0
44 0 4 0 0 0 3 2 5 1 2 107 2 3 1 0 0 9 195 11 0
2 0 20 0 1 0 0 0 0 0 0 48 8 0 0 0 0 21 25 0 0
149 5 8 13 0 0 2 0 0 0 120 22 5 0 0 5 0 6 29 1 0
48 0 14 0 0 0 0 0 0 0 1 42 2 0 2 0 0 15 18 4 0
53 3 12 0 0 26 2 9 4 0 4 50 4 0 72904 0 1 86 195 31 0
2 0 7 0 0 0 0 0 0 0 0 11 0 0 1 0 0 1 6 0 0
34 1 6 2 0 0 1 0 0 1 1 165 1 2 1 0 0 14 134 6 0
2 0 3 0 0 0 0 1 0 0 0 8 0 0 0 0 0 0 6 0 0
1 0 0 0 0 0 0 0 0 0 21 1 0 0 0 0 0 0 5 1 0
10 0 17 0 0 30 2 1 1 0 1 18 6 0 16 0 0 45 88 32 0
11 0 59 0 0 30 1 0 0 0 0 8 6 0 16 0 0 43 63 31 0
2 0 4 0 0 0 0 0 0 0 0 4 0 0 0 0 0 0 7 0 0
2 0 62 1 0 0 0 0 0 0 0 53 0 1 0 0 0 4 27 2 0
14 0 7 0 0 0 0 0 0 0 0 17 15 0 1 0 0 7 11 4 0
22 0 130 1 3 0 0 0 0 1 4 368 2 2 3 0 0 71 101 8 0
2 0 7 0 0 0 0 0 0 0 0 0 0 0 0 0 0 1 6 0 0
7 2 2 0 0 0 0 0 0 1 0 9 4 1 3 0 0 2 3 2 0
1 0 2 0 0 0 0 0 0 0 0 0 0 0 0 0 0 0 1 0 0
2 0 3 0 0 0 0 0 0 0 0 8 0 0 0 0 0 0 13 0 0
1 0 0 0 0 0 0 0 0 0 30 1 0 0 0 0 0 0 5 1 0
2 0 12 0 0 0 0 0 0 0 0 46 0 0 1 0 0 6 14 0 0
1 0 0 0 0 0 0 0 0 0 21 1 0 0 0 0 0 0 5 1 0
1 1 0 0 0 0 0 0 0 0 18 1 0 0 0 0 0 0 5 1 0
2 1 3 0 0 0 0 0 0 0 0 9 0 0 0 0 0 0 0 0 0
32 2 9 2 2 0 0 0 0 2 0 13 0 0 2 0 0 6 591 88 0
4 0 5 0 0 0 1 1 0 0 0 71 0 0 0 0 0 17 8 3 0
2 1 3 0 0 0 1 0 0 0 0 10 0 0 0 0 0 0 0 0 0
15 1 30 0 0 0 0 0 0 0 0 14 0 0 0 0 0 0 13 1 0
3 1 9 0 0 0 0 0 0 0 0 10 0 0 0 0 0 0 4 0 0
2 1 5 0 0 0 0 0 0 0 0 10 0 0 0 0 0 0 1 0 0
2 1 12 0 0 0 0 0 0 0 0 10 0 0 0 0 0 0 0 0 0
3 1 11 0 1 0 0 0 0 0 0 11 0 0 0 0 0 1 10 1 0
5 1 22 0 0 0 0 0 0 0 0 12 0 0 0 0 0 4 30 0 0
2 1 3 0 0 0 0 0 0 0 0 10 0 0 0 0 0 0 0 0 0
2 1 6 0 0 0 0 0 0 0 0 13 0 0 0 0 0 0 1 0 0
2 1 7 0 0 0 0 1 0 0 0 10 0 0 1 0 0 0 2 0 0
2 1 5 0 0 0 0 0 0 0 0 10 0 0 0 0 0 1 1 0 0
2 1 4 0 0 0 0 0 0 0 0 9 1 0 0 0 0 1 0 0 0
2 1 3 0 0 0 0 1 0 0 0 10 0 0 0 0 0 0 2 0 0
440 2 80 1 0 0 0 2 1 0 5 518 44 0 1 1 0 11 100 31 0
2 0 3 0 0 0 0 0 0 0 0 13 0 0 0 0 0 0 6 1 0
33 0 1 0 0 0 0 2 0 0 0 0 0 0 0 0 0 0 0 0 0
1 0 3 0 0 0 0 0 0 0 0 2 0 0 0 0 0 0 3 0 0
7 0 27 0 1 0 0 0 0 0 1 76 25 0 0 0 0 44 25 1 0
1 0 4 0 0 0 0 0 1 0 0 20 0 1 0 0 0 0 2 0 0
10 0 59 0 0 30 1 0 0 0 0 8 6 0 16 0 0 43 59 33 0
2 0 3 0 0 0 0 0 0 0 0 24 0 0 2 0 0 1 11 0 0
45 2 0 1 1 0 0 0 0 0 0 14 0 0 1 0 1 21 10 5 0
3 0 3 0 0 0 0 0 0 0 0 8 25 0 0 0 0 0 3 0 0
4 0 4 0 0 0 0 0 0 3 0 8 0 0 1 0 0 0 4 0 0
2 0 9 0 0 0 0 0 0 0 49 164 0 0 6 1 1 5 28 1 0
51 0 3 0 0 0 0 0 1 0 0 17 0 1 0 0 0 0 3 1 0
42 2 124 1 2 0 0 0 0 3 3 20 0 0 11 1 0 37 617 91 0
3 0 6 0 0 0 0 0 0 3 0 14 0 1 0 0 0 1 3 0 0
2 0 3 0 0 0 0 0 0 0 0 8 0 0 0 0 0 1 3 0 0
27 2 3 1 0 0 0 0 0 0 63 0 0 0 0 2 1 0 1 0 0
3 0 5 0 0 0 0 0 0 0 1 4 0 0 0 0 0 5 15 0 0
2 1 28 0 0 0 0 0 0 0 2 9 0 0 0 0 0 1 7 2 0
13 2 2 1 0 0 0 0 0 0 58 0 0 0 0 1 0 0 1 0 0
2 0 3 0 0 0 0 0 0 0 0 8 0 0 0 0 0 1 6 0 0
2 0 5 0 0 0 0 0 0 1 0 10 25 0 0 0 0 2 4 0 0
1 0 0 0 0 0 0 0 0 0 1 1 0 0 0 1 0 1 3 0 0
2 0 12 0 0 0 0 0 0 0 0 17 0 0 1 0 0 13 6 0 0
70 0 6 5 1 2 2 0 1 2 0 29 1242 2 2 0 0 142 460 122 0
3 0 5 0 0 0 0 0 0 0 1 4 0 0 0 0 0 5 15 0 0
3 0 5 0 0 0 0 0 0 0 1 4 0 0 0 0 0 5 15 0 0
2 0 5 0 0 0 0 0 0 0 0 8 0 0 0 0 0 0 3 0 0
38 8 56 0 1 0 0 1 0 0 1 31 0 1 0 0 0 4 63 6 0
2 1 3 0 0 0 0 0 0 0 0 14 0 0 0 0 0 1 1 0 0
4 0 20 0 0 0 1 0 0 0 4 53 0 1 0 0 0 19 17 6 0
2 0 11 0 0 0 0 0 0 0 0 34 0 0 1 0 0 8 10 1 0
3 0 5 0 0 0 0 0 0 0 0 8 0 0 0 0 0 0 5 0 0
29 0 45 0 1 0 0 0 0 0 4 166 0 1 1 0 0 17 30 55 0
29 12 250 1 1 0 1 15 0 0 5 377 3 10 10 0 0 32 274 44 0
11 5 257 3 0 4 1 0 0 0 1 381 3 9 7 0 0 32 278 44 0
71 8 782 59 3 2 3 9 3 4 24 1466 29 7 11 7 2 522 820 79 0
71 8 782 59 3 2 3 9 3 4 24 1466 29 7 11 7 2 522 820 79 0
71 8 782 59 3 2 3 9 3 4 24 1466 29 7 11 7 2 522 820 79 0
11 0 10 0 0 30 2 0 0 0 0 16 5 0 16 0 0 49 77 33 0
10 0 57 0 0 30 1 1 0 0 0 9 6 0 16 0 0 47 59 31 0
12 0 64 0 0 0 0 0 0 0 1 15 1 1 0 0 0 15 62 2 0
1 0 2 0 0 0 0 0 0 0 2 1 0 0 0 0 0 3 3 0 0
2 0 7 0 0 0 0 0 0 0 0 0 0 0 0 0 0 1 6 0 0
2 0 9 0 0 0 0 0 0 1 0 12 26 1 0 0 0 13 7 0 0
1 0 4 0 0 0 0 0 0 0 0 2 0 0 0 0 0 1 9 1 0
63 3 14 6 1 0 1 0 4 2 2 632 4 1 4 1 1 53 237 16 0
6 0 44 0 0 0 0 0 0 0 0 20 1 1 0 0 0 16 48 3 0
1 0 3 0 0 0 0 0 0 0 0 10 1 0 0 0 0 1 1 1 0
2 0 15 0 0 0 0 0 0 0 1 31 1 0 0 0 0 5 16 0 0
2 0 5 0 0 0 0 0 0 0 0 8 0 0 0 0 0 0 3 0 0
12 1 101 0 1 1 1 0 1 1 1 68 3 0 0 0 0 4 79 9 0
12 0 30 0 0 1 2 0 1 1 7 49 1 0 0 0 0 11 159 11 0
17 0 308 15 1 1 1 0 1 1 1 598 16 11 2 0 0 27 382 11 0
21 1 6 2 0 1 2 0 3 2 4 656 13 8 2 1 0 33 407 16 0
5 0 1 0 0 0 0 0 0 0 0 0 0 0 0 0 0 1 5 1 0
5 0 1 0 0 0 0 0 0 0 0 0 0 0 0 0 0 1 5 1 0
5 0 1 0 0 0 0 0 0 0 2 4 0 0 0 0 0 2 10 1 0
16 0 93 0 1 3 0 1 0 1 3 41 2 1 0 0 0 12 102 4 0
16 0 29 0 0 2 3 0 0 1 4 50 0 0 0 0 0 8 109 9 0
20 2 447 23 4 2 2 12 3 2 8883 476 1 4 30 1 1 51 181 22 0
11 0 380 6 2 0 1 0 1 0 70 420 0 3 4 1 0 45 119 11 0
1 0 377 2 1 0 1 1 0 1 67 531 2 4 4 0 0 35 147 18 0
3 0 35 0 1 0 0 0 0 0 1 16 1 0 1 0 0 1 16 1 0
2 0 4 0 0 0 0 0 0 0 0 11 1 0 0 0 0 0 1 0 0
37 1 1 0 0 0 0 0 0 0 0 0 0 0 3 0 1 0 0 0 0
36 0 1 0 0 0 0 0 0 0 0 0 0 0 1 0 1 0 0 0 0
2 0 15 0 0 0 0 0 0 0 0 37 0 1 1 0 0 4 11 0 0
13 0 64 1 0 0 0 1 0 0 5 100 0 0 2 1 0 15 74 4 0
38 0 1 0 0 0 0 0 0 0 0 0 0 0 1 0 1 0 0 0 0
1 0 4 0 0 0 0 0 0 0 0 2 0 0 0 0 0 1 9 1 0
1 0 0 0 0 0 0 0 0 0 21 1 0 0 0 0 0 0 5 1 0
1 0 6 0 0 0 0 0 0 0 0 0 0 0 0 0 0 11 1 1 0
3 1 13 0 0 0 0 0 0 0 0 57 1 0 0 4 0 2 8 0 0
3 257 67 0 1 0 0 1 0 0 0 84 0 0 0 0 0 6 15 2 0
6 0 44 0 0 0 0 0 0 0 0 20 1 1 0 0 0 16 48 3 0
10 0 17 0 0 30 2 0 1 0 1 16 6 0 16 0 0 46 81 32 0
46 0 166 1 0 0 1 0 0 0 14 104 5 1 2 0 0 41 118 10 0
7 13 259 10 0 0 0 1 0 0 0 44 0 0 77 0 0 7 128 21 0
