9 1 95 1 0 1 0 0 1 0 1 370 22 0 1 0 0 5 10 1 0
5 1 48 0 0 0 0 0 0 0 0 243 22 0 1 0 0 3 3 1 0
7 1 39 0 0 0 0 0 0 1 0 76 22 0 1 0 0 4 3 0 0
3 1 67 0 0 0 0 0 0 1 0 144 0 0 0 0 0 4 4 3 0
9 1 83 0 1 0 0 0 0 0 0 131 0 0 1 0 0 5 8 2 0
5 1 10 0 0 0 0 0 0 0 0 56 0 0 0 0 0 1 2 0 0
2 1 3 0 0 0 0 0 0 0 0 9 0 0 0 0 0 0 0 0 0
14 2 190 0 1 1 0 0 1 0 0 290 0 1 2 2 0 7 46 5 0
7 5 30 0 0 0 0 0 0 0 0 60 0 0 0 0 0 0 2 3 0
4 1 16 0 0 0 1 0 0 0 1 48 0 0 0 0 0 3 2 0 0
6 1 8 0 1 0 0 0 0 0 0 33 0 0 0 0 0 2 1 2 0
5 1 12 0 0 0 0 1 0 0 0 19 0 0 0 0 0 19 1 0 0
26 2 55 1 3 0 0 0 0 2 2 15 0 0 9 0 0 10 597 89 0
2 0 4 0 0 0 0 0 0 0 0 10 0 0 0 0 0 0 5 0 0
0 0 0 0 0 0 0 0 0 0 0 0 0 0 0 0 0 0 0 0 0
2 0 19 0 0 0 0 0 0 0 0 30 0 0 0 0 0 0 5 0 0
4 0 19 0 0 0 0 0 0 1 1 44 0 0 0 0 0 0 4 0 0
7 0 413 0 0 0 1 2 0 1 67 528 0 6 1 0 0 51 141 109 0
3 0 3 0 0 0 0 0 0 0 0 0 0 0 0 0 0 0 4 0 0
27 2 3 1 0 0 0 0 1 0 70 8 0 1 2 3 0 0 3 0 0
26 2 7 1 2 0 0 1 0 2 0 12 0 0 2 0 1 6 588 88 0
51 0 3 0 0 0 0 0 1 0 0 17 0 1 0 0 0 0 3 1 0
42 0 18 0 0 0 0 0 2 0 0 15 2 0 1 0 1 3 30 2 0
2 0 29 0 0 0 0 0 0 1 0 41 0 1 0 0 0 6 16 0 0
3 0 13 0 0 0 0 0 0 0 0 33 0 0 0 0 0 5 16 0 0
36 0 1 0 0 0 0 0 0 0 0 0 0 0 1 0 1 0 0 0 0
33 0 1 0 0 0 0 0 0 0 0 0 0 0 0 0 0 0 0 0 0
33 0 1 0 0 0 0 0 0 0 0 0 0 0 0 0 0 0 0 0 0
7 0 80 0 0 0 2 0 0 0 1 421 0 2 0 0 0 21 102 4 0
2 0 7 0 0 0 0 0 0 0 0 0 0 0 0 0 0 1 6 0 0
2 0 3 0 0 0 0 0 0 0 0 8 0 0 0 0 0 1 3 0 0
41 0 4 0 0 0 1 1 2 1 1 99 2 1 2 0 1 7 66 2 0
71 8 782 59 3 2 3 9 3 4 24 1466 29 7 11 7 2 522 820 79 0
71 8 782 59 3 2 3 9 3 4 24 1466 29 7 11 7 2 522 820 79 0
2 0 7 0 0 0 0 0 0 0 0 0 0 0 0 0 0 1 6 0 0
36 0 1 0 0 0 0 0 0 0 0 0 0 0 1 0 1 0 0 0 0
11 0 48 0 0 0 0 0 0 0 3 20 0 0 0 0 0 8 80 2 0
2 0 7 0 0 0 0 0 0 0 0 0 0 0 0 0 0 1 6 0 0
2 0 18 0 0 0 0 0 0 0 1 43 0 0 0 0 0 5 8 1 0
3 0 85 1 0 0 0 0 0 0 0 76 0 0 0 0 0 11 42 83 0
2 0 17 0 0 0 0 0 0 0 0 43 0 0 0 0 0 7 15 0 0
37 1 1 0 0 0 0 0 0 0 0 0 0 0 1 0 1 0 0 0 0
33 1 1 0 0 1 0 0 0 0 0 0 0 0 0 0 0 0 0 0 0
15 2 2 1 0 0 0 0 0 0 58 5 0 0 0 1 0 0 5 0 0
15 2 2 1 0 0 0 0 0 0 58 0 0 0 0 1 0 0 1 0 0
1 0 2 0 0 0 0 0 0 0 0 5 0 0 1 0 0 0 9 0 0
12 0 53 0 0 0 0 0 0 0 3 29 1 0 0 2 0 12 89 2 0
41 19 180 38 12 3 17 16 22 8 42 575 44 12 24 16 4 94 395 40 0
2 0 4 0 0 0 0 0 0 0 0 15 0 0 0 0 0 7 11 1 0
2 0 4 0 0 0 0 1 0 0 0 15 0 0 0 0 0 6 8 1 0
2 0 4 0 0 0 0 1 0 0 0 15 1 0 0 0 0 6 8 1 0
2 0 12 0 1 0 0 0 0 0 0 15 0 0 0 0 0 6 11 1 0
2 0 12 0 1 0 0 0 0 0 0 15 0 0 0 0 0 6 11 1 0
2 0 6 0 0 0 0 0 0 0 0 11 0 0 1 0 0 19 10 0 0
2 0 24 0 0 0 0 0 0 0 0 25 25 0 1 0 0 1 5 0 0
2 1 3 0 0 0 0 0 0 0 0 9 0 0 0 0 0 1 0 0 0
124 5 1887 10 15 3 16 9 5 2 377 2188 276 9 9 8 3 677 2073 38 0
20 9 151 4 4 0 0 2 0 0 0 71 1 0 1 2 0 114 54 4 0
1 0 4 0 0 0 0 0 0 0 0 2 0 0 0 0 0 1 9 1 0
5 0 4 0 0 2 2 1 15 1 0 31 19 2 1 1 0 7 278 15 0
2 0 5 0 0 0 0 0 0 0 0 11 0 0 0 0 0 1 8 0 0
2 0 39 0 0 0 0 0 0 0 0 50 0 2 1 0 0 4 30 48 0
7 1 13 0 0 0 0 0 0 0 0 12 15 0 6 0 0 4 10 1 0
15 2 2120 4 11 0 3 3 1 0 38 31 2 1 11 0 0 24 583 15 0
18 1 92 1 0 0 0 2 0 2 7 44 3 1 0 0 1 16 211 8 0
24 0 77 0 0 0 0 2 0 1 6 37 1 1 0 0 0 12 149 3 0
27 0 147 0 0 0 0 1 1 1 16 81 3 1 0 0 1 17 213 4 0
56 0 132 0 0 0 1 2 1 1 14 46 4 1 1 0 0 12 223 5 0
2 0 5 0 1 0 0 0 0 0 0 0 0 0 0 0 0 7 5 0 0
198 0 222 0 0 0 2 2 1 2 21 102 8 1 0 1 1 34 350 20 0
282 0 240 2 1 0 0 2 1 1 16 150 8 4 0 0 0 39 322 16 0
83 3 3 1 0 0 0 0 0 0 63 2 0 0 0 2 1 0 2 0 0
32 1 67 0 0 0 0 0 0 0 0 0 0 0 0 0 0 6 11 0 0
44 0 4 0 0 0 3 2 5 1 2 107 2 3 1 0 0 9 195 11 0
2 0 20 0 1 0 0 0 0 0 0 48 8 0 0 0 0 21 25 0 0
149 5 8 13 0 0 2 0 0 0 120 22 5 0 0 5 0 6 29 1 0
48 0 14 0 0 0 0 0 0 0 1 42 2 0 2 0 0 15 18 4 0
53 3 12 0 0 26 2 9 4 0 4 50 4 0 72904 0 1 86 195 31 0
2 0 7 0 0 0 0 0 0 0 0 11 0 0 1 0 0 1 6 0 0
34 1 6 2 0 0 1 0 0 1 1 165 1 2 1 0 0 14 134 6 0
2 0 3 0 0 0 0 1 0 0 0 8 0 0 0 0 0 0 6 0 0
1 0 0 0 0 0 0 0 0 0 21 1 0 0 0 0 0 0 5 1 0
10 0 17 0 0 30 2 1 1 0 1 18 6 0 16 0 0 45 88 32 0
11 0 59 0 0 30 1 0 0 0 0 8 6 0 16 0 0 43 63 31 0
2 0 4 0 0 0 0 0 0 0 0 4 0 0 0 0 0 0 7 0 0
501 0 7 1 0 0 11432 10210 9887 0 158 0 0 0 0 0 1 0 0 1 1
4 0 1 2 0 0 0 0 0 1 1 1 2 0 0 0 0 1 0 0 1
1 1 3 0 2 0 0 1 0 0 0 2 3 1 0 1 2 1 2 0 1
0 0 0 0 0 0 0 1 0 1 0 2 3 1 2 1 1 1 0 2 1
1 1 3 0 0 0 0 0 0 2 0 3 1 2 1 0 3 2 1 0 1
0 2 2 1 1 0 0 1 0 1 1 2 1 1 1 2 1 2 0 1 1
23 24 2 8 3 7 4 2 5 2 6 6 13 4 6 5 4 1 12 7 1
0 0 1 1 2 0 0 0 0 0 1 2 2 1 0 2 1 1 1 1 1
0 0 1 1 2 0 0 0 0 0 1 2 3 1 0 1 1 0 2 0 1
9 5 8 8 4 8 5 10 6 8 9 6 6 10 5 7 3 2 12 2 1
2 24 1 0 1 0 0 1 1 1 2 10 1 2 0 1 1 1 15 3 1
9 4 4 3 4 0 3 6 6 2 9 5 6 2 2 2 3 4 7 6 1
0 0 2 0 0 0 0 1 0 1 0 2 3 1 4 1 1 1 0 2 1
4 5 6 4 5 5 4 5 6 2 5 1 2 3 4 3 0 5 6 3 1
2 1 4 2 5 0 2 3 1 0 4 7 5 3 0 4 1 1 4 3 1
9 6 6 7 4 2 5 7 4 0 4 8 3 0 4 6 5 8 1 5 1
63 9 1 1 0 5 5 0 7 0 0 542 8 7 1 0 0 21 722 23 1
36 22 15 25 14 8 12 30 36 16 18 57 20 20 7 21 19 12 19 30 1
97 9 1 1 0 9 6 0 8 0 0 719 14 9 1 0 0 37 1059 36 1
4 7 3 0 8 5 4 6 3 7 6 3 4 2 8 4 3 3 4 7 1
12 7 5 14 8 12 10 11 9 8 6 15 13 16 3 10 11 10 12 10 1
0 0 0 0 0 0 0 0 1 0 0 13 1 3 0 0 0 3 3 0 1
0 0 0 0 0 0 0 0 0 0 0 0 0 0 0 0 0 0 2 0 1
1 0 0 0 1 1 0 1 0 0 0 0 0 1 0 1 0 0 0 2 1
0 1 0 0 0 0 2 1 4 0 0 0 1 0 0 0 0 1 2 0 1
7 6 10 10 11 24 11 9 7 6 7 16 11 11 5 6 8 26 13 6 1
72 1 3 0 1 1 6 4 6 0 3 445 14 31 0 0 0 36 1221 32 1
14 7 4 6 2 4 5 6 5 5 5 15 4 5 2 1 4 10 12 28 1
7 0 1 0 0 1 0 1 0 0 0 1 0 1 0 1 1 2 4 0 1
19 0 1 0 0 0 1 1 2 0 2 236 0 25 0 0 0 20 480 11 1
64 1 0 0 0 3 0 1 3 0 3 318 3 35 0 0 0 34 874 13 1
6 2 3 4 2 7 7 4 6 8 7 5 3 4 2 8 5 8 5 5 1
11 1 7 2 5 1 2 3 0 2 3 24 4 0 4 2 2 15 31 5 1
88 1 2 1 3 7 2 4 13 3 6 651 28 26 0 4 1 33 1173 27 1
12 10 9 9 8 6 6 7 6 6 4 13 5 13 6 4 8 6 5 10 1
8 2 2 3 4 2 4 0 5 1 1 2 0 3 0 1 0 6 5 1 1
1 3 6 4 3 1 2 4 3 0 3 3 2 4 3 0 2 1 5 2 1
21 0 0 0 0 0 0 0 0 0 1 0 0 0 0 0 0 0 0 24 1
3 2 3 4 3 1 3 3 6 1 5 1 5 3 4 2 1 10 15 1 1
2 1 0 3 0 2 2 0 0 1 0 0 5 0 2 2 0 0 3 0 1
3 5 2 10 0 3 5 2 6 3 4 5 12 6 3 5 6 5 4 8 1
7 4 4 15 2 6 6 3 5 3 4 9 9 6 4 5 7 6 8 12 1
0 2 3 0 0 0 0 2 0 0 1 0 0 1 1 0 3 8 1 0 1
25 13 17 4 2 7 4 7 7 5 5 34 11 4 9 3 6 10 65 6 1
60 0 0 0 0 0 0 0 2 0 2 44 2 1 0 0 0 10 146 7 1
11 2 13 1 11 3 1 1 1 1 1 4 0 6 2 0 0 6 3 0 1
17 23 1 0 3 1 0 0 3 0 3 454 2 20 0 0 0 40 729 26 1
13 0 5 1 0 0 3 5 5 0 0 38 0 2 48 0 0 11 18 2 1
13 0 5 0 0 0 0 0 0 0 0 38 2 2 48 0 0 9 18 1 1
36 3 14 2 7 22 5 0 6 0 4 900 5 47 0 2 0 46 1556 58 1
6 12 15 16 9 1 3 5 3 2 10 8 2 5 2 11 1 1 3 3 1
73 3 10 0 4 1 2 1 6 0 4 817 4 47 1 1 0 53 1523 50 1
15 9 56 4 10 19 8 5 11 9 5 6 7 7 5 1 2 21 67 16 1
6 13 8 10 10 7 14 14 14 4 6 15 12 11 12 10 13 14 9 12 1
52 11 5 8 4 0 1 2 9 0 3 738 3 45 1 2 1 34 1300 45 1
3 1 1 2 1 4 3 4 5 0 3 3 2 2 3 0 3 0 3 4 1
5 8 5 7 9 9 8 10 10 8 4 6 4 8 8 6 3 4 3 6 1
88 4 7 0 4 3 1 0 10 0 4 815 3 46 0 1 1 45 1506 47 1
5 11 4 4 6 6 4 4 6 4 3 12 7 5 4 3 2 7 8 7 1
3 4 8 9 5 5 4 2 8 6 9 5 6 10 7 6 6 6 4 7 1
3 10 6 4 8 6 1 4 4 1 1 2 4 1 2 4 7 2 5 3 1
1 12 9 6 5 4 5 6 6 3 8 11 8 6 6 9 5 4 3 9 1
2 7 1 3 2 1 1 6 1 4 1 10 101 3 3 4 3 81 106 88 1
6 15 14 14 9 3 3 8 8 0 9 9 4 4 6 15 4 4 3 8 1
65 10 5 3 3 1 2 1 13 0 1 697 7 11 1 1 0 22 1136 32 1
4 11 7 6 5 2 1 3 3 5 4 7 4 1 5 4 8 4 9 3 1
12 11 8 14 12 7 8 10 12 9 6 20 11 14 6 11 12 9 8 9 1
7 9 16 4 6 9 7 5 6 3 8 13 1 4 5 4 4 7 4 7 1
11 7 9 9 9 9 12 8 7 4 13 15 12 14 11 14 10 8 10 14 1
8 9 13 8 10 5 16 7 12 8 15 18 10 18 7 8 18 11 7 9 1
12 8 23 8 8 14 10 6 9 12 10 12 8 14 13 8 12 10 12 8 1
17 16 10 10 8 23 13 7 13 5 9 16 12 13 16 7 8 17 35 7 1
88 11 14 0 6 1 0 0 11 0 3 829 3 40 0 0 0 46 1448 46 1
25 15 17 11 14 22 21 15 17 12 18 21 17 17 18 15 16 23 26 19 1
19 8 13 7 8 12 16 14 9 13 15 13 6 13 12 8 14 20 15 14 1
14 9 11 9 16 13 14 10 11 2 10 13 13 16 11 11 16 7 7 13 1
5 12 4 7 10 7 5 3 8 8 6 12 9 9 7 8 9 9 2 7 1
8 6 7 12 14 12 13 11 15 13 6 26 20 23 7 7 11 13 20 12 1
12 6 18820 4 14 19 4 12 9 16 14 9 12 13 13 15 11 7 16 11 1
40 3 9 2 9 0 5 1 13 0 4 898 3 47 0 1 0 46 1552 53 1
24 3 8 2 7 1 4 0 4 0 4 898 3 75 0 1 0 46 1559 61 1
8 36 4 9 10 6 1 5 3 6 4 2 9 7 13 8 6 11 14 7 1
2 7 10 4 4 6 5 3 1 8 8 7 10 11 11 3 8 8 3 11 1
14 10 10 14 12 9 9 8 9 10 14 15 11 19 10 16 10 10 12 7 1
14 0 0 0 0 0 1 0 0 0 0 1 0 0 0 0 0 7 14 1 1
14 0 0 0 0 0 1 0 0 0 0 1 0 0 0 0 0 7 14 1 1
5 7 6 7 4 9 3 7 4 5 3 2 3 5 10 6 3 8 5 4 1
5 7 12 4 5 5 7 2 3 6 4 6 4 5 5 5 5 4 3 7 1
11 11 5 15 15 9 8 12 8 6 9 17 10 12 8 13 11 5 8 8 1
1 0 0 0 0 1 0 0 0 1 0 2 0 0 1 0 1 1 0 1 1
13 14 7 3 2 6 5 5 5 9 8 21 8 8 4 3 5 9 18 13 1
10 8 7 17 10 11 18 6 10 7 8 20 5 10 7 8 16 12 6 9 1
14 6 11 9 10 8 14 9 12 9 16 12 11 13 11 7 7 10 9 9 1
34 3 9 2 9 0 5 1 13 0 4 897 3 47 0 1 0 46 1552 53 1
13 9 7 15 9 5 10 13 5 11 11 12 7 9 11 8 8 9 8 8 1
12 8 9 15 13 7 12 9 10 4 5 16 9 15 8 6 13 14 7 5 1
3 8 11 6 7 7 7 4 11 2 7 11 7 9 5 4 1 6 9 10 1
38 11 29 0 6 1 0 0 1 1 6 863 3 44 0 0 0 35 1450 40 1
13 4 8 3 2 5 2 6 4 2 2 5 1 2 3 2 2 3 7 5 1
0 0 0 0 0 0 0 1 1 1 0 0 0 1 0 0 1 1 0 0 1
9 2 11 7 10 4 8 4 6 2 10 11 14 10 9 12 9 9 5 6 1
9 7 11 11 12 7 10 9 11 16 5 18 7 13 10 4 13 6 13 9 1
2 16 12 24 8 6 3 11 13 1 9 9 4 5 5 7 3 4 3 10 1
9 4 14 19 6 8 7 14 13 6 7 13 10 7 6 14 10 8 9 11 1
2 2 3 1 13293 2 1 1 1 9 1 5 1 4 0 2 3 4 3 3 1
10 21 10 11 7 8 9 10 9 10 9 19 13 13 5 3 6 14 8 12 1
72 0 84 0 3 137 3 4 15 0 1 0 9 0 13 4 10 1 5 4 1
15 5 7 11 9 11 10 4 12 9 8 15 3 8 6 6 3 7 5 9 1
10 17 9 10 6 6 8 8 5 8 5 14 16 12 15 10 7 21 7 11 1
7 7 7 8 7 4 5 6 12 5 9 10 4 11 4 11 5 6 5 6 1
73 9 18 3 8 54 7 3 6 6 15 926 13 45 16 5 4 45 1503 43 1
5 4 4 7 5 6 6 3 7 5 13 17 7 7 2 9 8 7 11 9 1
0 0 0 0 0 0 1 1 0 0 1 0 0 0 0 0 1 0 2 0 1
11 6 14 5 6 9 2 3 4 9 9 4 8 1 1 6 4 6 5 2 1
2 1 5 0 6 4 2 1 1 4 3 3 1 3 2 5 1 3 1 0 1
8 10 5 9 8 11 12 7 12 10 9 10 16 7 10 7 9 15 7 9 1
27 2 7 3 4 4 2 7 1 3 6 33 1 5 2 0 3 23 62 2 1
2 0 7 3 2 4 4 5 5 6 7 4 4 3 2 4 3 4 1 6 1
1 2 0 0 0 1 1 0 0 4 2 4 2 3 3 1 0 2 2 0 1
3 0 0 0 0 0 1 0 0 0 0 0 0 0 0 0 0 0 2 0 1
12 26 0 0 1 0 3 0 0 0 0 18 2 1 3 1 1 20 55 2 1
46 54 25 4 18 29 9 42 12 4 43 23 15 14 63 40 5 31 33 2 1
24 1 9 3 0 0 0 8 6 0 0 0 40 0 9 0 0 1 0 310 1
5 8 0 2 1 0 0 6 2 0 1 24 0 3 0 0 0 9 198 9 1
21 0 1 0 1 0 0 4 11 1 3 524 2 30 0 0 0 38 731 24 1
8 3789 0 0 0 0 0 0 0 0 1 1 2 0 0 0 0 5 15 2 1
0 0 0 0 0 0 0 0 0 0 0 0 0 1 1 0 0 1 0 0 1
12 0 0 0 0 0 0 0 0 0 0 0 0 0 0 0 0 6 4 1 1
0 20 2 0 5 3 0 1 0 0 0 3 1 3 0 0 2 1 0 3 1
1 0 0 0 0 1 0 0 0 0 0 1 2 1 1 1 4 2 0 0 1
3 0 0 0 0 0 0 0 0 0 0 0 0 0 0 0 0 0 8 0 1
0 0 0 0 0 0 0 0 0 0 0 0 0 0 0 0 0 0 0 0 1
18 0 0 0 0 0 2 0 0 0 0 0 2 2 0 0 0 0 0 1 1
1 0 0 0 0 0 0 0 0 0 0 0 0 1 0 0 0 0 0 0 1
3 0 0 0 0 0 0 0 0 0 0 0 0 1 0 0 0 0 1 0 1
4 0 0 0 0 0 0 0 0 0 0 0 0 1 0 0 0 0 1 0 1
4 0 0 0 0 0 0 0 0 0 0 0 0 1 0 0 0 0 1 0 1
4 0 0 0 0 0 0 0 0 0 0 0 0 1 0 0 0 0 1 0 1
4 0 0 0 0 0 0 0 0 0 0 0 0 1 0 0 0 0 1 0 1
4 0 0 0 0 0 0 0 0 0 0 0 0 1 0 0 0 0 1 0 1
0 0 0 0 0 0 0 0 0 0 0 2 8 1 0 0 0 0 1 2 1
0 4 4 2 3 2 2 0 1 0 2 5 2 1 2 4 0 0 3 1 1
5 0 0 0 0 0 0 0 0 0 0 0 0 1 0 0 0 0 1 0 1
4 0 0 0 0 0 0 0 0 0 0 0 0 1 0 0 0 1 1 0 1
3 3 0 3 0 1 0 2 1 1 2 1 10 2 2 3 0 9 6 1 1
1 0 0 0 0 0 0 0 0 0 1 1 0 1 0 0 0 0 3 0 1
1 1 1 0 0 0 1 0 0 1 0 0 0 2 0 0 0 0 4 0 1
0 0 1 0 1 0 0 0 0 0 0 0 0 1 0 1 0 1 2 0 1
1 10 9 5 5 6 6 8 1 7 5 6 3 1 4 6 7 8 4 4 1
20 8 0 1 0 0 0 0 2 1 0 74 0 11 0 0 0 30 290 12 1
1 0 3 3 0 2 1 0 0 2 0 2 1 2 2 1 1 1 0 1 1
6 1 3 5 6 4 11 10 2 7 4 6 3 7 2 4 7 8 6 11 1
12 12 10 10 7 2 7 8 9 5 7 11 4 5 4 10 8 4 10 6 1
1 9 3 0 4 2 1 2 0 3 4 13 1 0 1 4 3 5 3 3 1